% # iter+eval+sigma+0+fitness+xbest, seed=985740, Sun Dec 16 04:59:11 2018
1 8 0.405962204491 0 84.923585872 0.999009015196 0.374114949959 0.0845734972752 0.893199585905 0.652376668817
2 16 0.382303938871 0 75.201876312 0.931751197068 0.644538731563 0.0203187647307 0.484559130503 0.885707742816
3 24 0.349717738358 0 73.918707538 0.999483713387 0.177860553471 0.183426965981 0.53914418757 0.430604173834
4 32 0.291065352429 0 71.4785180288 0.98241006647 0.0929518088125 0.156703098231 0.748093900005 0.996672843
5 40 0.316521962844 0 80.364184516 0.853845900949 0.0306064386059 0.0104804472479 0.935257613782 0.829462697706
6 48 0.297708727965 0 77.7681652186 0.954747779519 0.0104188215186 0.0379640709206 0.610974585027 0.99977917647
7 56 0.287168651516 0 67.0689638786 0.636157130355 0.37155648379 0.00144214640175 0.463554079025 0.584538966378
8 64 0.261226557654 0 77.8012708294 0.592455671433 0.335993902085 0.0199703589111 0.544019015367 0.855612429973
9 72 0.249881472998 0 59.7613319179 0.414764654408 0.0849298042709 0.000502314476002 0.562382893875 0.858469961832
10 80 0.264514899783 0 73.0510796357 0.624765579607 0.00184279900493 0.00239836505948 0.506666345719 0.948302866899
11 88 0.229668483723 0 72.8373120548 0.524788354283 0.00220912047606 0.137772339533 0.645112444619 0.978786506509
12 96 0.199804358507 0 49.7440929572 0.761028415911 0.0527019936615 8.9541614777e-05 0.535382312407 0.999970589353
13 104 0.185943933263 0 74.0547327765 0.738014739328 0.0085242064967 0.175699646642 0.548368290499 0.99657200115
14 112 0.162566999203 0 71.1805277336 0.733319344334 0.151875147777 0.0458774651181 0.547392790597 0.972406265831
15 120 0.15256241767 0 70.1049962141 0.94214371171 0.000204684382443 0.101323073686 0.599462914435 0.920603117467
16 128 0.145349007513 0 53.1481149061 0.782504744947 0.00254205847973 0.00348303884957 0.658356864217 0.96978350539
17 136 0.132521056762 0 58.3943082322 0.705692586309 2.55456870508e-06 0.0720188516102 0.581339129493 0.923247882767
18 144 0.126192828517 0 65.6804223731 0.942971863383 0.112718328594 0.0795969233776 0.716668455434 0.9975551725
19 152 0.123205338601 0 65.1167205357 0.613335696798 0.0205900089925 0.0649771411704 0.727788497352 0.893895265689
20 160 0.107689233367 0 62.003149533 0.898999729535 0.0722000714365 0.0969702928946 0.735668124281 0.985939061044
21 168 0.107202783198 0 57.5019076147 0.916228025071 0.0977155399017 0.0460217557976 0.799057515215 0.974207404348
22 176 0.104820911543 0 61.2251753132 0.846118355088 0.00265695337358 0.149347539279 0.821820149028 0.936094082412
23 184 0.0981311907657 0 64.5828232096 0.82630213646 0.000557596450428 0.0901798766552 0.736458130614 0.879707272012
24 192 0.106200532968 0 63.270766904 0.957280800995 0.039773679343 0.120353494481 0.841096051813 0.864529370518
25 200 0.0929613227323 0 49.9536450072 0.869979493049 9.48878003542e-05 0.0966426655891 0.843863230328 0.835845131362
26 208 0.0772356699443 0 60.0215289897 0.835860148743 0.00919511647389 0.0515063501678 0.796067339816 0.936614147191
27 216 0.06982988747 0 57.4392077083 0.862868973022 0.00478970594829 0.0818885093071 0.846606179313 0.769635255205
28 224 0.0708578075692 0 53.028375048 0.897914777982 0.0330464765757 0.0597354293105 0.812330651328 0.866434039107
29 232 0.0709272170443 0 36.6388183284 0.823438966182 0.0150282030898 0.0209603316372 0.775214812469 0.834498720095
30 240 0.0676139100925 0 46.6576906213 0.793524158367 0.00113624845527 0.0436906549325 0.743655994073 0.832032158326
31 248 0.0659365583074 0 47.3656341556 0.878038246843 0.0468701592815 0.0563901486102 0.724201119922 0.819574357389
32 256 0.0613871543744 0 68.647637415 0.856181156457 0.00473649748138 0.0616282698314 0.73236147828 0.862648976695
33 264 0.0650178108749 0 61.1804342093 0.82985248505 0.0235062432466 0.0819363800642 0.742725924434 0.803458872741
34 272 0.0646684257562 0 36.5744687145 0.919838836999 0.00267217269539 0.0665081449152 0.779419780495 0.909480178387
35 280 0.0753576466788 0 67.0052812228 0.883885700625 0.0063485603651 0.0997625788498 0.86776977323 0.793765234937
36 288 0.0663443040166 0 56.220274709 0.84735579391 0.0282753957587 0.117317808715 0.78605806202 0.869281011928
37 296 0.0567180975997 0 50.4508092201 0.839648091104 0.00985185167389 0.109020051159 0.762350715799 0.848091769182
38 304 0.0549150376839 0 66.2644671955 0.806198649625 0.012724049277 0.131470420536 0.736161732551 0.88256470373
39 312 0.0540757732712 0 64.9914410934 0.792746542153 0.00766988607689 0.10425203687 0.701576093662 0.824169699023
40 320 0.0512381493481 0 56.0417235042 0.848286956649 0.0264418594811 0.0952892842199 0.744656439463 0.8900035205
41 328 0.0484164234957 0 42.4209530778 0.808752406564 0.00687882347472 0.0687362026697 0.758607660188 0.821129208794
42 336 0.0485447773867 0 50.4143560056 0.826516218502 0.00244638049708 0.0908770638552 0.744936166225 0.813102089605
43 344 0.0443357732664 0 60.8337057963 0.833790142931 0.0149147667539 0.0964636287745 0.728227995555 0.788193392118
44 352 0.0395540947793 0 58.8402980955 0.822988241358 0.00131477448923 0.0904691810808 0.736479944371 0.776308766812
45 360 0.0378924082351 0 57.1108969194 0.811327374982 1.2011891912e-05 0.0988876717026 0.761227576669 0.785494276898
46 368 0.03622400474 0 57.2439949752 0.807638979874 0.000404198160506 0.0915401394875 0.768906288597 0.788259736348
47 376 0.0363252825233 0 62.2173866045 0.816602208025 0.000714879027714 0.0877031107505 0.744098808247 0.828052797437
48 384 0.0333834165442 0 60.1862042094 0.842859441073 0.0033803346531 0.0784707646806 0.765536674401 0.813338410434
49 392 0.031510880261 0 54.6671449279 0.833961986986 0.0017813487364 0.0891492214298 0.756811696198 0.839821533059
50 400 0.0315234828511 0 51.2003526753 0.82163017006 0.0022485403499 0.0807083280613 0.773036890398 0.821322851549
51 408 0.0357546297923 0 58.6821307287 0.836200423648 0.00390618651179 0.0827025762874 0.783654010164 0.791987105596
52 416 0.0394027496517 0 53.0999591214 0.801951578364 0.0233377281082 0.0707530708188 0.781615833857 0.761313213419
53 424 0.0406957950572 0 54.0685135888 0.802443217288 0.0128581928267 0.0698338468729 0.779150462001 0.787488008078
54 432 0.0424953282986 0 44.3296676301 0.812015789857 0.0218196289827 0.0569761179332 0.774046844203 0.761504608398
55 440 0.0389829661443 0 51.5312462271 0.79806116071 0.0181930407302 0.0691848714491 0.771648000002 0.792366654117
56 448 0.0380795070733 0 52.8299394453 0.770431597974 0.0227176237312 0.0679094180141 0.772251588235 0.738606369555
57 456 0.0395483212512 0 60.32622337 0.759569064678 0.0238437753753 0.0641357021621 0.768668929443 0.70566521351
58 464 0.0439656981964 0 52.9819093877 0.741988652227 0.0427023180582 0.0782320755923 0.753505428152 0.698603614582
59 472 0.048641832242 0 56.0744969049 0.775617460202 0.0193397579772 0.0912514078695 0.758545769974 0.760060025691
60 480 0.0485445124883 0 59.8056115255 0.746477598439 0.0130817979013 0.0926773879594 0.747995400768 0.776858098066
61 488 0.0503328896572 0 42.4081968361 0.754793472624 0.00283669926185 0.10537109408 0.719788363879 0.792858970253
62 496 0.0451248886204 0 61.8675738667 0.76498586404 0.0221606001375 0.0752801078816 0.749608268058 0.779684037933
63 504 0.042814048359 0 64.4891355998 0.769503332093 0.0274842767361 0.0776568911251 0.732652754349 0.771373455069
64 512 0.0418841507765 0 69.5794533114 0.793445115522 0.0109219487933 0.0831398248395 0.743008668893 0.780508151006
65 520 0.0456557909014 0 58.81283103 0.789953159674 0.0153168158249 0.0642721054944 0.750835832599 0.729514013632
66 528 0.0539847491279 0 56.0529261513 0.849126353996 0.00199976624759 0.0619623402805 0.753391844041 0.79051256412
67 536 0.0522851946303 0 53.1088609605 0.811592757184 0.00183077824905 0.0624974900665 0.749512535487 0.769886134154
68 544 0.059313665858 0 69.1140961628 0.875803664293 0.00567419694392 0.0627845993417 0.745573308994 0.851188915298
69 552 0.0643548312287 0 64.4163703938 0.88213130669 0.0256899589483 0.103135018146 0.744172569965 0.860077591572
70 560 0.0721120733554 0 58.7495267395 0.870711515162 0.0469380254323 0.0804205531523 0.747268144591 0.820469865946
71 568 0.066417352218 0 65.6235764067 0.873431138361 0.0122191155243 0.100120212477 0.748594790629 0.86744700297
72 576 0.0597654272857 0 71.5953983805 0.851810585897 0.0288038406592 0.0899040789442 0.740964085178 0.916975287368
73 584 0.0584525571141 0 62.6205480007 0.812281134568 0.0259243037736 0.0906534141652 0.731353580826 0.903311693862
74 592 0.0576083852453 0 56.3483054645 0.82720360461 0.00246586802009 0.0647026337614 0.750820470155 0.820832066786
75 600 0.0614501145734 0 56.09706717 0.866042450597 0.00117064323861 0.0481686487961 0.763097747205 0.75956403738
76 608 0.0621301577266 0 53.8599608687 0.837077833038 0.000250771607038 0.0339919123119 0.766000836662 0.735234228675
77 616 0.0710247525433 0 47.8049760681 0.916642336049 0.00241840053817 0.0204179854555 0.791743936573 0.7260708326
78 624 0.0685838326528 0 46.5518855898 0.868969787546 0.0240870180213 0.0559027096967 0.748241622252 0.844331719616
79 632 0.062229132653 0 55.517397696 0.882315649498 0.000503343711059 0.0325668115182 0.771487562231 0.78653026481
80 640 0.0640217936352 0 58.4042374462 0.8199116289 0.0080254170475 0.0285635269495 0.763115079632 0.743826174516
81 648 0.0633743545274 0 60.0350984309 0.810725412584 0.00580246472217 0.0393305774904 0.771905094387 0.772431509905
82 656 0.0681622405979 0 63.156401114 0.721908689894 0.0472300169509 0.0226680173083 0.771084959402 0.635477097579
83 664 0.0595844696815 0 55.3029828585 0.816898505929 0.00010234244362 0.0343084938354 0.756654702514 0.782601593056
84 672 0.0477539192568 0 52.5306513955 0.816193514733 0.007516896976 0.0268942838381 0.769922701075 0.715533301528
85 680 0.0451882834147 0 50.2491178924 0.797884411493 0.0122799377 0.0308706916071 0.775727043541 0.740370132502
86 688 0.0460719713656 0 60.9705428171 0.829649393908 0.0175179836667 0.0264158583011 0.779991265343 0.727919899496
87 696 0.0448201976309 0 51.5727187344 0.851147760532 0.00186259449804 0.0356668750119 0.775872361733 0.756449638873
88 704 0.0454027265992 0 62.714074836 0.793457668079 0.0146929810803 0.0487862666501 0.766981209333 0.730348830978
89 712 0.0459084894404 0 53.5280776409 0.791009561175 0.033379283845 0.032741796105 0.776987069796 0.684840237853
90 720 0.0391298179512 0 50.8709016779 0.772625368084 0.017588156648 0.045371202176 0.766029290743 0.717946414941
91 728 0.0349831095921 0 51.0670777925 0.81399732687 0.028036500254 0.0281484502931 0.788567891124 0.68770074705
92 736 0.0347600215478 0 44.956303548 0.780775586831 0.0232011911648 0.0373787835933 0.765421645574 0.699371178718
93 744 0.035004681 0 47.9915101571 0.783320241644 0.0238287222399 0.0292479539663 0.773734189638 0.693048771861
94 752 0.0352142440994 0 38.676596254 0.800974292551 0.00643314654228 0.0381298212402 0.767779617087 0.702960640577
95 760 0.0367029299592 0 56.0157479353 0.806395589336 0.00585159166358 0.0394645665527 0.764661896978 0.734582544095
96 768 0.0358214423666 0 48.1834014486 0.80210437651 0.0155110413072 0.0355346674646 0.766988660325 0.687257727772
97 776 0.0323239497045 0 55.7051892138 0.804675098528 0.0104917333212 0.0360744663146 0.768071132218 0.699494824089
98 784 0.0322936852753 0 54.8644048267 0.801999831474 0.00466395425467 0.0365659835075 0.76396013561 0.702234819313
99 792 0.0430000988238 0 50.1814260578 0.771898890082 0.0147777538693 0.028050740784 0.763179235878 0.646684770916
100 800 0.0520862114402 0 63.2171333308 0.747231905212 0.00187795225015 0.0451115825294 0.744363500576 0.668937507478
101 808 0.0631122315333 0 54.1048086369 0.748823791466 0.00763729453479 0.0295777417933 0.75323364149 0.635298108227
102 816 0.0723200721868 0 55.7124310033 0.66876543257 0.00216992339408 0.0498244602008 0.714662347273 0.646847467824
103 824 0.0766280374688 0 54.7139947108 0.779347263434 5.09654141063e-06 0.0432163281785 0.739131216813 0.696479833413
104 832 0.0753676667813 0 45.0721249716 0.823148485503 0.00133565429682 0.0449022195981 0.755504996743 0.690670825862
105 840 0.0749945918721 0 47.9582614376 0.781785358599 0.000151407077002 0.0430246307935 0.755662181032 0.675500569828
106 848 0.0733878310969 0 43.1668458231 0.811151067559 0.00149697435361 0.0326338266189 0.759476008207 0.67139797664
107 856 0.0765916403762 0 49.5080858519 0.795572294454 0.0119658636163 0.0321141836825 0.752072958316 0.663724123069
108 864 0.0743176059464 0 54.3947979067 0.805614779896 0.00211170872005 0.0256406457118 0.770055140333 0.614624936701
109 872 0.0694618627048 0 56.3048439779 0.781210497974 0.000648631311012 0.036249024867 0.766163618835 0.652901062243
110 880 0.0612008689287 0 56.7010222425 0.825191603467 0.00343128011366 0.0371246995102 0.769695664594 0.658173060817
111 888 0.0559681044442 0 57.8147251606 0.857573597178 0.00763016816127 0.0266641729276 0.776833975162 0.666394818426
112 896 0.0662635717025 0 52.4830291648 0.810079570064 0.0168977831575 0.0437731917587 0.765922515867 0.687812922448
113 904 0.0870136901997 0 52.0729531531 0.886349913396 0.0490995287997 0.0378066842623 0.794470414717 0.736305021455
114 912 0.0946182636531 0 61.4149298264 0.851134752547 0.0199322643827 0.0316717633836 0.796686841063 0.666137541308
115 920 0.0914752784822 0 45.2755777729 0.867029116189 0.0664060350529 0.0441074179468 0.760445701214 0.73870536733
116 928 0.0915813041915 0 60.0130596545 0.787078851543 0.0852460806994 0.0548442735681 0.729459818802 0.686606572349
117 936 0.0850675880127 0 51.1109726423 0.811377188569 0.0585274393502 0.0610960048395 0.732617837277 0.693578050536
118 944 0.074111379713 0 60.8329581644 0.815569366237 0.0867792554957 0.0609584298789 0.737522044068 0.72070166886
119 952 0.0636027670754 0 62.7657462392 0.81172844548 0.0758241873588 0.05830041518 0.736153295808 0.721823120625
120 960 0.06430590567 0 59.6978429452 0.847530440461 0.117701165276 0.0667793237837 0.736107790422 0.775872057202
121 968 0.0582166546478 0 68.9028304623 0.837098306689 0.0710660465038 0.0610517221573 0.748763636284 0.742322854125
122 976 0.0639342521879 0 59.7666430392 0.829701959103 0.0348411831866 0.0533675032677 0.753556957762 0.740109057124
123 984 0.0662380032231 0 56.1404690329 0.839793117625 0.0646214852358 0.0557901998959 0.752368513683 0.755977986846
124 992 0.0629941181791 0 50.4899415624 0.847469195274 0.0199945131622 0.0363497052494 0.773208315622 0.712182209863
125 1000 0.0648529309278 0 45.3686068049 0.849618432815 0.0929515553133 0.0677267951408 0.743943134159 0.757059392982
126 1008 0.0568843700429 0 57.3016888283 0.855473150946 0.0313436755252 0.0495478205592 0.763133784114 0.744852999019
127 1016 0.0563040500916 0 47.730424033 0.850789514931 0.0214520802001 0.0472960463483 0.774019054125 0.718633060058
128 1024 0.053226848225 0 50.3699003971 0.862894638851 0.0262705104983 0.0527974940636 0.768234760027 0.751105923946
129 1032 0.0464697838464 0 60.0667317592 0.870442334395 0.032752209299 0.0492700196297 0.774160004479 0.732070376233
130 1040 0.0457457038357 0 53.957510933 0.858048995725 0.00989836026562 0.0452639489 0.776028951061 0.733331738029
131 1048 0.0429836663673 0 52.9374543151 0.857803042719 0.0162253125858 0.0478483142337 0.773331777599 0.736265173911
132 1056 0.0421503710014 0 44.6361565429 0.88045378175 0.0327545279797 0.0460277417672 0.775774491543 0.73855636413
133 1064 0.0467217972264 0 51.3537889773 0.877742998962 0.0635084241305 0.05409176348 0.763874587854 0.752069697171
134 1072 0.0438536687158 0 54.2240006051 0.879063587293 0.0327966931532 0.0523174618249 0.767413374186 0.769977515926
135 1080 0.039192389112 0 60.2631108537 0.87441418196 0.0339353107327 0.0513292803465 0.770218079284 0.742963821731
136 1088 0.0403115239692 0 56.3904358969 0.881627334451 0.0159039939227 0.0480189680279 0.782682857407 0.754918987204
137 1096 0.0447077976249 0 61.2782376945 0.872606264804 0.0071981136483 0.0398142636864 0.786512068405 0.740154391541
138 1104 0.0444119748036 0 53.642471533 0.84925696405 0.00686869020592 0.0464461443833 0.772767123852 0.74803836907
139 1112 0.0432560873595 0 55.6311319586 0.851604086523 0.0040208583422 0.0497599432235 0.777393950685 0.751588381453
140 1120 0.046078379882 0 55.6726713478 0.842622905611 7.99478446213e-06 0.0435256519309 0.78623215608 0.739443265917
141 1128 0.0485810957677 0 56.7664739862 0.856062855438 0.0012610816053 0.0406608700497 0.794549433618 0.749467283557
142 1136 0.0406925781894 0 58.3978783539 0.854005468057 0.0165299873619 0.0538323746879 0.774435949367 0.742566812887
143 1144 0.0388324951952 0 52.4894354136 0.853516254715 0.0230471030095 0.0593960288535 0.767862627518 0.76000829383
144 1152 0.0381311446352 0 55.9965033237 0.853498065199 0.00110429235097 0.0486596080909 0.78622372011 0.757685659
145 1160 0.0387396421959 0 55.2778876753 0.843514647898 0.0010802729757 0.0506662469222 0.779801974504 0.749082121475
146 1168 0.0333998282867 0 55.4822530973 0.866572467011 0.00376606511551 0.0498254592013 0.785776340662 0.75975339969
147 1176 0.0324759752592 0 60.5048635189 0.821974400823 0.00113708135018 0.0550877658352 0.771677363499 0.743919925218
148 1184 0.0309430201663 0 56.7450854239 0.845442215935 0.00439033042426 0.050543518378 0.780653850807 0.743967118521
149 1192 0.0282005826035 0 53.2200356523 0.828956223198 0.000996465614495 0.0515618814603 0.774944913675 0.745542164133
150 1200 0.0264798293602 0 62.0682534232 0.827609831642 0.000117394595153 0.0501331674355 0.782473678061 0.745163317561
151 1208 0.0240831381704 0 46.6084229639 0.842581060395 0.000460179279047 0.0499166537388 0.784408127846 0.747729366212
152 1216 0.0252796083439 0 62.477995289 0.825739473194 0.000962984761875 0.0494076643068 0.785136846665 0.742399796001
153 1224 0.028008645556 0 52.0601031527 0.839395705631 0.00359491389458 0.0442579474404 0.795081581583 0.74427076498
154 1232 0.0264419788974 0 53.5347529236 0.843038414157 0.000906543928395 0.0462378890451 0.793045131168 0.747471667787
155 1240 0.0267013553604 0 54.5106678752 0.837621630916 0.00120960571005 0.0447406823976 0.792317760734 0.742676830263
156 1248 0.0258850283636 0 55.0347596851 0.842818050693 0.00231467596133 0.0464675236526 0.795351214765 0.750048793712
157 1256 0.0276952234637 0 59.4005360625 0.839715583486 5.93223855264e-05 0.0489161998072 0.788581159439 0.741130779611
158 1264 0.0246502944689 0 57.5190307058 0.842867658627 0.00148622907347 0.0469996012685 0.794493655048 0.747701922917
159 1272 0.0260580427426 0 54.8318374803 0.860867013138 0.000308490967227 0.0443840832379 0.798328915157 0.748949008341
160 1280 0.0287489706778 0 50.5316793196 0.865940900586 0.00010538869144 0.0449673966686 0.796818371112 0.749158242427
161 1288 0.0264165839308 0 50.0982310774 0.853377039386 0.000126062698952 0.046835283526 0.791820247481 0.747467788592
162 1296 0.0240361818917 0 59.3785694057 0.838553441486 6.9685162463e-05 0.0475496657237 0.786797723935 0.742480349288
163 1304 0.0237823367802 0 52.3576246798 0.860356704976 4.47037940971e-05 0.0456650881164 0.794801807905 0.755900033979
164 1312 0.0246801978615 0 60.2346296337 0.854442287091 2.97293194495e-05 0.046288371947 0.793584212386 0.752462735288
165 1320 0.023095852669 0 61.1981468828 0.857532592014 0.000301475863646 0.0457787419484 0.793709620795 0.749870299234
166 1328 0.022661462418 0 49.260853087 0.854990360268 0.00246363267556 0.0503181912372 0.787007107569 0.755892788111
167 1336 0.023486353229 0 48.4375555808 0.859697167066 0.00104577934577 0.0485528286593 0.79130458678 0.757744135678
168 1344 0.0220152620102 0 49.3956772148 0.864349087468 0.000597778787951 0.0477531601258 0.793672785432 0.758946830139
169 1352 0.0215900199662 0 58.4234472308 0.867862299704 0.000134413975697 0.0458256706836 0.796395699497 0.758141670733
170 1360 0.0244194970482 0 52.6009314949 0.880605418256 0.000799282215864 0.0443994276094 0.798993830942 0.76503700083
171 1368 0.0319483508999 0 52.5348554451 0.886762221577 0.00143528855911 0.0452438292206 0.798017864461 0.772171859738
172 1376 0.044896388985 0 51.7453263246 0.892751378533 0.000344526707509 0.0388404073806 0.807110705214 0.767450713035
173 1384 0.0455498187901 0 54.0225916499 0.87567069966 7.2235870986e-05 0.041821839775 0.798620114973 0.763439148358
174 1392 0.0459449627304 0 57.7176329865 0.886186464781 0.000663755631489 0.0378824705433 0.808906670293 0.764633720792
175 1400 0.0456738284586 0 52.6362444568 0.887742967846 0.0042499805754 0.0330738244213 0.81479842151 0.755547515116
176 1408 0.0452341821829 0 52.8737394472 0.88260606023 8.20662986794e-06 0.0371984760203 0.807180954065 0.752201209005
177 1416 0.0413878012999 0 44.336251895 0.884346474018 0.00335489747611 0.0356117333964 0.813587837996 0.759768965481
178 1424 0.0450889580045 0 55.4935065715 0.873009592253 3.02363201419e-08 0.038769294195 0.797848363601 0.760283998595
179 1432 0.0442589777391 0 58.3360711238 0.852364928564 0.00121709041559 0.0451420205432 0.796571899107 0.756703815533
180 1440 0.0496572708263 0 52.5618220143 0.865719043724 9.19304956478e-06 0.0445315622819 0.789641190181 0.768285673929
181 1448 0.0766611653653 0 56.5605844165 0.866182461946 0.00250591896049 0.054649212133 0.779565184842 0.791025731765
182 1456 0.0925727609343 0 51.6931344282 0.871647370538 0.00041089672285 0.0500549075239 0.788032324501 0.777893829471
183 1464 0.100363265658 0 49.564953824 0.84240031836 0.0111514863495 0.0583734216279 0.76213572446 0.764968551418
184 1472 0.112926300902 0 67.6962151502 0.787160355626 0.00555977535064 0.0719851860675 0.754891660602 0.759008365983
185 1480 0.11209743872 0 42.3841832437 0.860628172712 0.011696532016 0.0664889106225 0.76501848123 0.802146641754
186 1488 0.127950820707 0 45.0465248367 0.897289871598 0.0315918544048 0.0675339456167 0.77577990759 0.833028168072
187 1496 0.12242265957 0 53.4099997995 0.895511648218 0.0146705917491 0.0487171935167 0.79100324435 0.791067877171
188 1504 0.124088783152 0 54.6742053611 0.891758402995 0.000762957665852 0.0425573468291 0.805830333602 0.786056031802
189 1512 0.11712835487 0 50.4614600704 0.84916091815 0.000242663050128 0.057302920427 0.782994063238 0.796076616361
190 1520 0.113679349703 0 64.2276284547 0.827549520494 0.0253251051266 0.0431579725691 0.806800432912 0.754314379462
191 1528 0.106752649967 0 65.20610124 0.793270398924 0.00603043443299 0.0713274897696 0.756201005835 0.771084459678
192 1536 0.117055432364 0 55.549940378 0.784224287387 0.00789628965109 0.0641138025343 0.75238897423 0.742368935378
193 1544 0.10197103701 0 62.2639741286 0.822901354231 0.0120074098648 0.0670285898024 0.76134188262 0.764421595491
194 1552 0.112413785276 0 56.8304276549 0.89874510891 0.03234994928 0.0563115121486 0.772601253085 0.809716001626
195 1560 0.124504605661 0 51.7368084502 0.917929300095 0.00813600654347 0.0430085746531 0.804421254332 0.802435402015
196 1568 0.115607140493 0 59.3563654754 0.884660648934 0.000910432727908 0.0515273017636 0.798999693849 0.808307593299
197 1576 0.103848022038 0 54.0171662004 0.9195174341 0.0378246229122 0.0617441142945 0.780228561068 0.848499363257
198 1584 0.104229015853 0 54.7582644702 0.925164652953 0.0644372813666 0.0678447096845 0.778142102777 0.85076739288
199 1592 0.0926898323777 0 55.5638598649 0.929515016005 0.0589966761256 0.0643176694316 0.774536503283 0.852145988414
200 1600 0.0956179501345 0 51.4143286878 0.945323319594 0.0715243664097 0.0580317101679 0.784761304855 0.835416995161
201 1608 0.0863479665903 0 53.459538949 0.939464771499 0.010214477389 0.0441121253598 0.806045078557 0.837500021947
202 1616 0.074750032786 0 59.1332088523 0.965267605829 0.0643573879169 0.0540565158657 0.798148725879 0.864665550681
203 1624 0.0933515890663 0 57.3779637404 0.968851744846 0.0462289476894 0.0475336080875 0.797445803026 0.862943134028
204 1632 0.117779025955 0 52.301721373 0.980585741734 0.0791151206316 0.0430717984471 0.799570648918 0.85234848216
205 1640 0.131608546084 0 51.040053614 0.978482633375 0.0984592163927 0.0470899157429 0.794899109317 0.847449706768
206 1648 0.129444817297 0 70.0968345504 0.998881759967 0.149125406968 0.0508541472273 0.790060936586 0.915635693844
207 1656 0.137309142053 0 51.0725160212 0.982393057642 0.100808243 0.0405586759391 0.793004923972 0.843102515187
208 1664 0.137601359009 0 56.1992540802 0.994496616648 0.112754350821 0.0395180420103 0.810274504293 0.862742425432
209 1672 0.128853788732 0 67.431692825 0.982668944001 0.0591389292003 0.038175258734 0.809488168163 0.849380932446
210 1680 0.131673617577 0 56.9862942377 0.920738252474 0.0663036657318 0.0555550687695 0.772689503335 0.798265482855
211 1688 0.13680563473 0 74.2770366804 0.898291009671 0.0521524457488 0.0505216485869 0.777351220586 0.765281714888
212 1696 0.135853944147 0 54.9393921801 0.87694736203 0.0112478658166 0.0485321965934 0.788102009079 0.766104406997
213 1704 0.137156232767 0 52.6499016969 0.871355137781 0.0176796335913 0.0461552865221 0.780577950027 0.740914924973
214 1712 0.136101569781 0 60.7219070971 0.904270469993 0.0890723211381 0.0592252699295 0.762245212169 0.773123883977
215 1720 0.154299071223 0 44.7421013217 0.957291685397 0.0728222404427 0.0369978636048 0.789775547269 0.784149163999
216 1728 0.144472688813 0 59.4792497366 0.810402634757 0.00711086773145 0.0552816467453 0.768321217969 0.714889967139
217 1736 0.141342539317 0 53.4435926349 0.785433729415 0.0223479543427 0.0620642796068 0.740225347503 0.700400223573
218 1744 0.13376609674 0 63.164803648 0.754527283854 0.00311087925767 0.0544304238601 0.74528061559 0.664928376262
219 1752 0.132620484713 0 48.5989462813 0.766203285813 0.00623321414637 0.0472367047706 0.754206141287 0.645056255682
220 1760 0.122239170033 0 57.0645382308 0.783503986121 0.00960314805811 0.0518793610125 0.758395551286 0.669230894761
221 1768 0.107207627085 0 50.5408408081 0.857684585463 0.0450035795173 0.0478582699273 0.762180985818 0.716824512754
222 1776 0.106627587898 0 53.0478313132 0.825363627473 0.0194575999128 0.0453718030728 0.759405824785 0.692682671842
223 1784 0.11099766946 0 54.6638042176 0.831836121364 0.0161430080898 0.0433749486533 0.766288680584 0.683927264257
224 1792 0.101619652423 0 48.0953703048 0.89232030908 0.0161878231472 0.0315734230685 0.788762167958 0.712534529881
225 1800 0.0982144338371 0 52.2132651115 0.879306055992 0.0415303817023 0.0437790550003 0.765218870786 0.725292536998
226 1808 0.0909350452809 0 50.9421178065 0.842222217019 0.0240961026405 0.0439441788679 0.764756656317 0.699540886345
227 1816 0.0944322826866 0 53.1683128478 0.856482941633 0.0125119833849 0.0331293852965 0.78163631515 0.683155136194
228 1824 0.0747236063087 0 48.9997056141 0.887248998236 0.0280974510631 0.0385807543079 0.773939506067 0.726325270006
229 1832 0.0660592393908 0 56.2948628845 0.884190189666 0.0260097603801 0.0360354536243 0.775548653845 0.713135434521
230 1840 0.0671394519193 0 50.9345668876 0.876398919074 0.0247508283894 0.040477715966 0.771274663576 0.721221374227
231 1848 0.0783389252029 0 58.6945554966 0.891421722985 0.0460712745181 0.0457883513853 0.76420313826 0.744298142395
232 1856 0.0747543569981 0 57.31540573 0.931606913724 0.0593869963057 0.0381075982989 0.77520384706 0.758376256048
233 1864 0.0741159102808 0 57.6855308937 0.895893544364 0.0445748589209 0.0411269268966 0.770285335029 0.731630863533
234 1872 0.0798120892345 0 71.1181273896 0.932158938917 0.0760387576165 0.040461809169 0.769197765247 0.754519772847
235 1880 0.0788228747111 0 56.5619943409 0.957837539614 0.101300521876 0.0393689824029 0.770034725185 0.771749512506
236 1888 0.0795714050611 0 50.768515533 0.935356753539 0.0813257731794 0.0415328152689 0.767834834466 0.76596131431
237 1896 0.0796672571087 0 48.5940543008 0.940998572194 0.0891966419516 0.0404623315853 0.769822357563 0.764708282526
238 1904 0.0848698557622 0 56.0294338812 0.948826260062 0.0774300261433 0.038993445668 0.777778147957 0.773492692126
239 1912 0.0877978482199 0 65.5791041838 0.959254677847 0.0595905481129 0.0311865362562 0.793012426863 0.771059459869
240 1920 0.0952687751912 0 47.4888420835 0.925436239052 0.0249660412691 0.033482331669 0.792186138896 0.748537897774
241 1928 0.0951440882142 0 48.8701484427 0.961939876204 0.121639403773 0.0457199566782 0.767475298969 0.796048354781
242 1936 0.0932442590298 0 55.149834069 0.955506836934 0.0438582663781 0.0275079426509 0.802076263522 0.758346414289
243 1944 0.0965769651726 0 56.5971789262 0.933501295824 0.043846437355 0.0387374642915 0.780590118603 0.776275462441
244 1952 0.105315868433 0 60.3939594079 0.96965025589 0.0893223309533 0.0382275876668 0.787187360271 0.798210365041
245 1960 0.111088728213 0 56.7473094865 0.94111173283 0.0477435031826 0.0310846371382 0.798894878553 0.746660061121
246 1968 0.127625330658 0 56.7614363974 0.928573275478 0.0277478373139 0.0298292144999 0.8036232849 0.736193110593
247 1976 0.124692181447 0 47.4960773947 0.906967472371 0.0143254175973 0.0273306367799 0.803002345664 0.713938409406
248 1984 0.144804988907 0 58.9095071162 0.920687382867 0.00624978993427 0.022832169605 0.813520720051 0.724306706436
249 1992 0.134490995403 0 61.0250735672 0.938088163284 0.0247857034473 0.0287641810503 0.805751247538 0.754896851988
250 2000 0.136265154605 0 55.0298294089 0.892505561725 4.01164163914e-05 0.0254200648024 0.818116374279 0.729846939021
251 2008 0.150166346297 0 45.0069514073 0.865478297469 0.000547402939122 0.0321026043981 0.801676997887 0.7253978347
252 2016 0.146296469639 0 55.8750647601 0.939002511495 0.0564149214812 0.0407695000494 0.782551638595 0.788518784896
253 2024 0.152130311026 0 57.7953661933 0.94245514901 0.0434520154975 0.0396403705861 0.786012544526 0.791130707227
254 2032 0.168939955888 0 60.3009371977 0.955442513064 0.0716802001363 0.0508031906337 0.767167032245 0.842808550065
255 2040 0.171137921596 0 54.082598023 0.923474224132 0.115329402817 0.0624804364745 0.737223138858 0.821035357288
256 2048 0.138910518313 0 57.2268390285 0.935303571288 0.0809498825887 0.0467874421537 0.76257668046 0.794250509643
257 2056 0.135864544319 0 64.3872975251 0.923248052974 0.0242596898545 0.0417388181296 0.784486407372 0.805086049532
258 2064 0.13138217426 0 57.1164861257 0.909597339598 0.037289648144 0.0397322927775 0.775949566491 0.776097001891
259 2072 0.121623957105 0 60.050924472 0.951758881975 0.103625819926 0.0493968451137 0.765325169347 0.814025801284
260 2080 0.117922093237 0 64.2070810133 0.951104244071 0.10731389031 0.0482764926332 0.761413357664 0.809979612086
261 2088 0.100355230572 0 69.157937169 0.950128198003 0.0903265629897 0.0453353468511 0.768878623198 0.814634676696
262 2096 0.0893622985934 0 51.7607709568 0.951526521572 0.078538567458 0.0430129392778 0.778510726393 0.807716359164
263 2104 0.0854305979165 0 52.8952453795 0.957090462165 0.0977041885084 0.0470648370394 0.77087762476 0.823198487049
264 2112 0.0835830565441 0 55.972526729 0.939030852934 0.0825341846004 0.0460336241239 0.769613348326 0.797050294323
265 2120 0.0981414109177 0 56.9945463646 0.959445487782 0.118926366967 0.0418229655922 0.774024858391 0.787005278287
266 2128 0.103650753988 0 52.051799058 0.919585102543 0.07783121221 0.040262961732 0.774067957042 0.744274075706
267 2136 0.120265010781 0 62.0022853975 0.907349351781 0.0408807740059 0.0413168810316 0.77761817403 0.763565697596
268 2144 0.131800463924 0 55.5438812064 0.920651570139 0.065030297112 0.0428738498047 0.770382866573 0.768014667907
269 2152 0.15911022778 0 51.8340307973 0.870682745881 0.0405650743994 0.0537037892028 0.758460864764 0.771896998564
270 2160 0.164352505505 0 56.0650280112 0.823240789631 0.00954241335297 0.0460832245573 0.766777358658 0.714170895902
271 2168 0.192869540949 0 50.6491291992 0.751143604333 0.00309714704684 0.0555432677077 0.753391017479 0.684160298763
272 2176 0.207340278309 0 61.2724173922 0.825123810953 0.0361245227562 0.0701184573735 0.734484007132 0.784018073825
273 2184 0.200360811509 0 46.9135790257 0.832667281803 0.00606008889436 0.0459195301399 0.775187293489 0.720895986557
274 2192 0.216110400628 0 54.9648173879 0.695950587315 0.0128610551105 0.0659511647763 0.748591612792 0.694347991344
275 2200 0.219490035359 0 68.2470297308 0.683811238126 0.036583415779 0.0469778314893 0.768559729873 0.634267028333
276 2208 0.223364734344 0 53.5191745038 0.6840428347 0.0681008110379 0.0389050395105 0.791613582587 0.617765941378
277 2216 0.185346572856 0 54.0332204243 0.71868397368 0.0429879079332 0.0477654934991 0.776034369858 0.689602279853
278 2224 0.20329674942 0 64.8986066259 0.713512605892 0.00303386038098 0.0500516401504 0.758716221093 0.637700213963
279 2232 0.208132688783 0 53.8572586751 0.749531037953 0.000166349734705 0.0510608657997 0.759627774548 0.676311034249
280 2240 0.220640403948 0 72.3396243295 0.71154951411 0.00555866821218 0.0333124263877 0.784855637837 0.570571417309
281 2248 0.233447932963 0 56.4745770789 0.673593304486 0.00709805816586 0.0342029036367 0.773602392144 0.53987920536
282 2256 0.211234205608 0 52.4263935893 0.729207816239 0.00332227851274 0.0428892222381 0.758376372311 0.597608539043
283 2264 0.177054300702 0 55.8173502824 0.769866718478 0.00270522489151 0.0423843824853 0.770508774619 0.641799802058
284 2272 0.179099771248 0 59.835322377 0.730386077458 0.00177784712535 0.0464745650036 0.767652002397 0.646791739055
285 2280 0.23445085768 0 51.9749696221 0.795764913291 0.010054175354 0.0564956689172 0.754963719158 0.731655035926
286 2288 0.215851197554 0 60.7657767149 0.71454959679 2.62594591478e-06 0.0493910212557 0.754197195423 0.634667182329
287 2296 0.199778404914 0 60.5074943426 0.722391155824 0.000163375984123 0.0575431145155 0.745296148989 0.675701827435
288 2304 0.213550930949 0 55.1251613447 0.636268071652 0.0137468549851 0.0612262542158 0.735215163968 0.6245920938
289 2312 0.192597291322 0 61.134366518 0.711991021295 0.000803661174044 0.0617369412292 0.733648179426 0.679205069641
290 2320 0.194923046142 0 57.1072628483 0.615896514574 0.00700494025563 0.0561631550336 0.735477461067 0.570097228012
291 2328 0.175274401406 0 56.6551491269 0.704200091978 0.00480469685842 0.0539771333647 0.755818413167 0.660000906512
292 2336 0.177881853154 0 60.9573780764 0.667098594129 0.00969873020412 0.0598752770452 0.743497195567 0.645970814037
293 2344 0.186789087859 0 47.9860599164 0.744114746666 0.000457247164643 0.0562525597241 0.758311080332 0.69079133834
294 2352 0.204363366448 0 61.9559118644 0.667913709791 0.025906600455 0.0476069637398 0.765384472672 0.604757108999
295 2360 0.236271265216 0 51.1198367462 0.671167725497 0.0161911464352 0.0594177192082 0.747177719274 0.645572512625
296 2368 0.221745737035 0 51.3986040212 0.743552851285 0.000384510572386 0.0713806702706 0.739488629281 0.757603624753
297 2376 0.207558610564 0 65.9410200981 0.695053411076 0.0160091573327 0.051616955955 0.759930039077 0.644013019163
298 2384 0.221990245822 0 51.395658471 0.698865940459 0.0270296951921 0.0510353569262 0.76309858118 0.67275731166
299 2392 0.219365643924 0 58.3887569826 0.659504847269 0.014090687012 0.0575735888588 0.745038001106 0.637057125777
300 2400 0.211491227354 0 57.2665425927 0.69065135894 0.0160083425756 0.0560306622222 0.751698627541 0.680220177017
301 2408 0.22744913377 0 60.0702287699 0.833540609962 0.0189704389318 0.0656328939276 0.745773962056 0.803824858075
302 2416 0.221144210673 0 49.3935634265 0.744308293938 1.67016876406e-05 0.0470247639883 0.763328766471 0.662403365024
303 2424 0.242563972851 0 57.1664039303 0.843054850722 0.0498033892364 0.0532176952019 0.751297267704 0.741789187979
304 2432 0.239122627601 0 49.322644628 0.6997616088 1.35025139509e-06 0.051878526851 0.751752492639 0.622495933126
305 2440 0.232457624503 0 55.7612489958 0.754326508468 0.000182338281107 0.0493552634987 0.763099376815 0.668353913092
306 2448 0.311081609752 0 47.9493838231 0.792671204898 0.00143269313937 0.0348368263312 0.792777932324 0.625820163682
307 2456 0.300824636789 0 60.9732868538 0.723944364303 0.0052995989071 0.0561151664586 0.746591852878 0.638802067296
308 2464 0.288529677054 0 49.7599359099 0.809104078851 0.0115615526354 0.0296581330556 0.788932430579 0.601346778188
309 2472 0.264229241245 0 62.7741243513 0.86669437758 0.073309811675 0.0463237162597 0.767778172474 0.703172100227
310 2480 0.262545264493 0 51.7622524754 0.8550317753 0.0804243824722 0.0442825438671 0.768837837469 0.667411307567
311 2488 0.267153772631 0 63.6468549207 0.762697993282 0.023520616391 0.036010030128 0.774318403999 0.561748063702
312 2496 0.323697112119 0 62.3255009267 0.836650658652 0.0826766015874 0.0425169211266 0.775952747205 0.641101921773
313 2504 0.390888416337 0 71.156617912 0.854652385788 0.114112147496 0.0515707533753 0.76378151045 0.677602752756
314 2512 0.405494481334 0 55.3291086765 0.79299872961 0.065491144353 0.06523773398 0.74431612214 0.709341647278
315 2520 0.390160012432 0 56.5894755184 0.700842626571 0.000416282000304 0.0394480407538 0.77800691099 0.567585189634
316 2528 0.378033082446 0 53.0197980499 0.778915525089 0.0141710093698 0.0382480909207 0.770942962358 0.626902824208
317 2536 0.363329371096 0 45.7175192388 0.708370497325 0.00798921637963 0.0303230447132 0.779437381518 0.488901336233
318 2544 0.387766430706 0 58.0609772555 0.666123428489 0.00228925027563 0.0251280066681 0.772899795652 0.438917113863
319 2552 0.396537535254 0 53.423457874 0.699671270372 0.00918219033325 0.036180856879 0.757200146033 0.534734801094
320 2560 0.380421617877 0 51.6479102202 0.808920381183 0.0978031693262 0.0526611433359 0.738335852117 0.672077077518
321 2568 0.326405011239 0 62.4973863843 0.755700224279 0.00447172066925 0.0311254280933 0.788348758394 0.57347930809
322 2576 0.324509516068 0 61.238554829 0.784979559145 0.0816491886731 0.0417407457976 0.757038855872 0.601621501584
323 2584 0.381838192935 0 52.2579499613 0.829353039517 0.102785283425 0.0333054894956 0.77537029264 0.600293184294
324 2592 0.422576644419 0 44.6057662952 0.753888928257 0.106893027993 0.0429046547798 0.746876327372 0.54978889325
325 2600 0.412527506691 0 61.2952004263 0.784339061445 0.133027517572 0.0253095450193 0.763752600465 0.483697065021
326 2608 0.425581021469 0 57.1285416867 0.758810632007 0.0555326316143 0.0235986206998 0.770646921224 0.493654682322
327 2616 0.481810073793 0 55.2632988575 0.703336367165 0.0465670271311 0.0180633814004 0.764963029424 0.400019569298
328 2624 0.54329475973 0 58.9671649851 0.59968530475 0.000446724422545 0.0213730755167 0.754356488116 0.369808930586
329 2632 0.604895666802 0 51.2543667114 0.423040862718 0.108642424659 0.0198343056661 0.750558104963 0.246309671654
330 2640 0.616721757496 0 72.3105980542 0.498806794814 0.133207971343 0.0116255565329 0.785249164923 0.271832744645
331 2648 0.713727116002 0 69.1146156946 0.622656368473 6.11140596234e-05 0.0227486433175 0.760276993808 0.353728719527
332 2656 0.745052471869 0 59.3537278015 0.626229654895 0.00511209763401 0.0266245467605 0.751889932109 0.368594932024
333 2664 0.854663440301 0 55.9412203707 0.62037247331 0.150372724297 0.0609988177749 0.669107980192 0.424033840319
334 2672 0.980328614397 0 56.4893742841 0.666982886484 0.0939073561783 0.0298079690588 0.720377146907 0.35381981076
335 2680 1.17632535998 0 83.8700467351 0.60259434445 0.00964151305564 0.0244392238113 0.705251828041 0.29443423919
336 2688 1.29859935052 0 65.647825293 0.766802565929 0.0655990132939 0.059585171022 0.746866943184 0.585559308325
337 2696 1.35678159474 0 62.4540065593 0.725016356912 0.0032879359944 0.0911387553207 0.711800590345 0.715526525387
338 2704 1.46608398386 0 45.097464665 0.943114807936 0.0379642241389 0.082959887682 0.782807061264 0.876926149798
339 2712 1.58353428903 0 63.226313351 0.622695029507 0.00174007517424 0.0801145893009 0.665518548803 0.542260324806
340 2720 1.46586684901 0 58.8001908872 0.832137891298 0.106579196355 0.121629371342 0.667379017585 0.827771520426
341 2728 1.54173379942 0 51.102006372 0.879870265019 0.332543643171 0.100098573143 0.642213648559 0.72462326678
342 2736 1.33852915476 0 75.6392240095 0.705622218437 0.218976179542 0.106850415137 0.620810234344 0.569165903812
343 2744 1.04973197397 0 63.6921778813 0.682177941948 0.0323007503059 0.0595126820191 0.702759101015 0.480774874103
344 2752 1.03409106139 0 52.4556644515 0.690664497806 0.00927978840378 0.0931794153025 0.690427098502 0.653774875907
345 2760 1.12540121838 0 65.9131790843 0.730859327306 7.60775422272e-05 0.115097246401 0.697753329006 0.748511036407
346 2768 1.17592476099 0 61.098295797 0.744027952723 0.000260261808339 0.136649309771 0.683868561927 0.848310869143
347 2776 0.9962832266 0 57.6299194717 0.614986596173 0.0173395597001 0.0595928688814 0.701356942408 0.480170862983
348 2784 0.966660464546 0 60.0744547897 0.828067400485 0.000916278034385 0.0997950656666 0.764623699406 0.81177677936
349 2792 0.915598418227 0 67.0402766991 0.784804535806 0.00491415253162 0.0691175723849 0.771851509743 0.654691572224
350 2800 0.99639316059 0 64.8654318638 0.724623246188 0.0183299461826 0.0417529832152 0.799276098374 0.561284283718
351 2808 0.949089390082 0 57.7060113619 0.744581832684 0.00147882648941 0.0518506498123 0.757073867492 0.575281552761
352 2816 0.840989703245 0 64.2835368537 0.78094770789 0.0393548474609 0.0393306245386 0.75084985857 0.525313605757
353 2824 0.936036443072 0 56.4546481642 0.882663273516 0.119407094259 0.063988726281 0.763153761227 0.662787752551
354 2832 0.882807018469 0 65.9368125325 0.714605039693 0.0658438177944 0.0575040523065 0.683532822369 0.515789942728
355 2840 0.883543230704 0 62.9160378592 0.784002586451 0.165348839244 0.0583643594048 0.685283468865 0.555875831705
356 2848 0.846563881544 0 57.210122656 0.660952872046 0.00545860699256 0.0523504161305 0.718774914762 0.518016311919
357 2856 0.842138548373 0 53.2564636195 0.618054721701 0.000894230190398 0.0592280783243 0.693327541601 0.49164169918
358 2864 0.946979566014 0 52.347495382 0.571836654308 0.00650404425324 0.0194829908398 0.699157418941 0.24899372781
359 2872 0.933892604569 0 59.6550088896 0.51774892623 0.0119643562212 0.0313875561118 0.669203873251 0.271304528739
360 2880 1.03400987851 0 53.8028739569 0.370131196397 0.133859280977 0.0162299185698 0.724645142268 0.144988961716
361 2888 1.08253772467 0 55.122839844 0.433777323595 0.145040556728 0.0348833384009 0.740509335479 0.290080603016
362 2896 1.00194341073 0 53.6747631909 0.612478188091 0.00643361849165 0.0191114364004 0.7338412593 0.283162949112
363 2904 1.01368988148 0 57.6754700088 0.55587991149 0.00586768372322 0.0101590735437 0.7432500609 0.205164545953
364 2912 0.978880918419 0 56.9957354165 0.574483286711 0.0372430567579 0.00471895822644 0.73080783696 0.0907093876803
365 2920 0.898272170396 0 53.8010000861 0.484894868549 0.0294536101004 0.0149144652149 0.726014579805 0.154862043117
366 2928 0.762903789643 0 55.9627519788 0.570263051517 0.00359997827129 0.0120495042913 0.746256903147 0.192570169473
367 2936 0.688675442219 0 62.4812210924 0.639720472299 0.00127654819479 0.0326539384415 0.742499920711 0.373579719855
368 2944 0.622519744278 0 58.733346229 0.53302619499 0.0313931677857 0.0273962864453 0.730620435954 0.286708126298
369 2952 0.677871510172 0 62.9359255826 0.610811543257 0.000197262747152 0.0263554048126 0.725009328678 0.338165826318
370 2960 0.614896772361 0 44.8838950913 0.653600735927 0.00060206801421 0.0343144857183 0.740310323535 0.388494230416
371 2968 0.54274420311 0 50.5186001343 0.631025112754 0.00733660713307 0.0291115634567 0.754843326709 0.376126019148
372 2976 0.527890630014 0 55.512834948 0.549998133958 0.0329432561625 0.0187916672266 0.750487475065 0.265026948767
373 2984 0.550535533895 0 65.7075156818 0.605467903405 0.0534082335214 0.0286165375494 0.764853601386 0.379746147414
374 2992 0.560065538622 0 61.65899079 0.515902572245 0.0778751727635 0.0262247626364 0.751176767934 0.286769253521
375 3000 0.492150970738 0 52.8445130672 0.590807384117 0.0307363570694 0.0268443323579 0.752578099695 0.350759925296
376 3008 0.442906275036 0 54.9319883836 0.605608178263 0.0189255824149 0.0220944587193 0.762913064457 0.329995198877
377 3016 0.426766825319 0 55.2878446832 0.539255394446 0.0680013929598 0.0195371276874 0.755706989625 0.267833059757
378 3024 0.401265554147 0 61.7249084933 0.56001410872 0.0413660145706 0.0174259061573 0.754683812016 0.265435795448
379 3032 0.418609416598 0 56.1808542774 0.520600713269 0.0868197723185 0.0172228689585 0.768175428425 0.247571619681
380 3040 0.408343433354 0 62.9250536323 0.587302477369 0.0272630838183 0.0238649921817 0.759194162844 0.315343884566
381 3048 0.381393860946 0 49.5189083766 0.555225272606 0.0610959580007 0.0265895292155 0.765110441938 0.316289485903
382 3056 0.356160683682 0 56.0567525805 0.563971856399 0.0375417801788 0.0167922426803 0.764170947773 0.267208967437
383 3064 0.347322342676 0 48.3316854879 0.617328880492 0.0188228529191 0.0289763097491 0.762960193655 0.374293143484
384 3072 0.381931948438 0 51.3043215204 0.609265986506 0.016957132731 0.0263455259858 0.764915841471 0.35506064257
385 3080 0.411321275891 0 53.1958797207 0.6417234942 0.00645302482591 0.0316829550378 0.766607527128 0.408380318367
386 3088 0.347945069083 0 46.0374412213 0.587449308041 0.023275129323 0.0287755456031 0.755009897747 0.341926968396
387 3096 0.365678149919 0 52.842664379 0.662356515119 0.0175937125988 0.0327314349883 0.776681833789 0.435727499505
388 3104 0.380459801558 0 56.7643172366 0.620023278482 0.0359314311368 0.0348508127068 0.778809073316 0.410306479135
389 3112 0.390873613147 0 54.5218532728 0.594037988476 0.0733590094876 0.0366863101606 0.780504971887 0.409605265971
390 3120 0.429251096308 0 58.8181043063 0.643821178281 0.0586006397147 0.0346697868947 0.793691859712 0.451237381173
391 3128 0.404700467286 0 60.6655536936 0.62940552735 0.0601171138656 0.0441054039988 0.785378847908 0.47152777951
392 3136 0.362082368901 0 62.6847801702 0.64004957363 0.0190587687426 0.0380031079801 0.767711137142 0.439115911268
393 3144 0.354645967618 0 75.1276270572 0.591544824032 0.0502713416729 0.0395642057898 0.770373397924 0.4122853302
394 3152 0.362859567951 0 51.4703228269 0.57486323625 0.0509189481821 0.037678162985 0.764507834848 0.389031439328
395 3160 0.313364651745 0 57.4635379172 0.598638056355 0.0551104861245 0.0375146265539 0.77528768343 0.409380927854
396 3168 0.284537620681 0 50.3443435112 0.590672224297 0.0526884529533 0.0334069175147 0.77422407935 0.387895254066
397 3176 0.264533064176 0 55.6270017005 0.607802755619 0.0362976678792 0.0414369950258 0.771352711992 0.433316165009
398 3184 0.225747618393 0 58.2275376115 0.590686035034 0.0529984188396 0.0425056341609 0.769187198987 0.427285817581
399 3192 0.231603219448 0 55.9779561342 0.625196861171 0.0200591645837 0.0427527482422 0.767066399215 0.445813926036
400 3200 0.233563370586 0 55.659311724 0.580741407936 0.0517810443188 0.0322062697539 0.771300489965 0.371114210083
401 3208 0.264863610762 0 55.5240158536 0.586959456743 0.0411846858063 0.0288114558318 0.77256160366 0.361140714984
402 3216 0.281537207329 0 62.3238542244 0.617982871981 0.0166966171713 0.0342431984764 0.766644640458 0.402121304727
403 3224 0.289273235361 0 48.4611901318 0.630319366982 0.0227236399821 0.0438169010918 0.771977047112 0.461482942578
404 3232 0.275743164019 0 55.2964422587 0.646713971475 0.0059000060884 0.0384783638319 0.764182632587 0.439237281378
405 3240 0.289596130053 0 43.2321895948 0.664434950245 0.00101936704871 0.0362579832052 0.764817073707 0.437797211184
406 3248 0.28865650776 0 57.7670135161 0.66091819929 0.00162518216023 0.0372362316436 0.766819020937 0.442853945743
407 3256 0.273085077 0 60.9006346016 0.64879249626 0.00340361864681 0.0324005110518 0.765887757794 0.408255316367
408 3264 0.262236462919 0 48.9311886562 0.664843772948 0.00025574782102 0.0381134998829 0.762940699718 0.441642146387
409 3272 0.240733304345 0 56.5439359312 0.675752252894 0.00122379654434 0.0418960216207 0.769224773298 0.476090868234
410 3280 0.219358437799 0 54.2247125125 0.659673161966 0.000980297212798 0.0379145509429 0.763619753956 0.442726290892
411 3288 0.220897934126 0 43.603680473 0.681463171351 5.20789170455e-09 0.0367448899619 0.767762243568 0.455227002773
412 3296 0.199195815648 0 59.2603076305 0.690727787299 1.09532323291e-05 0.0376649885392 0.771364550277 0.468974612084
413 3304 0.228991643395 0 49.868548596 0.682598024452 0.000228738968333 0.0403968051453 0.767518656027 0.469228988237
414 3312 0.260435790176 0 70.7054792909 0.678272620788 0.00202872933167 0.0408719226056 0.768751965857 0.471345180206
415 3320 0.318318710788 0 53.717242444 0.671041753385 0.00692109971181 0.0409655713771 0.77610412027 0.468142252912
416 3328 0.303348178573 0 52.4784009972 0.658341240628 0.00391736213965 0.0374731986156 0.767014417132 0.438364881021
417 3336 0.320777680741 0 44.6580993391 0.624717400963 0.0173145585805 0.039219515408 0.766372506466 0.425143801025
418 3344 0.346909729141 0 63.7861166998 0.627843868641 0.0143492387416 0.0334255126955 0.767564178483 0.40470749482
419 3352 0.407890090607 0 53.4607653441 0.583939380536 0.0330549696663 0.0255369859741 0.76611747135 0.328749652233
420 3360 0.427162275971 0 55.2391017141 0.634246341838 0.0012740564659 0.0326262134967 0.753134808405 0.396113741551
421 3368 0.482719317873 0 59.3866944534 0.610863853783 0.00556738732099 0.0206766310504 0.761314478491 0.314581129748
422 3376 0.504854624374 0 47.5153186196 0.671594644849 0.00210538131059 0.0276446263331 0.755908978447 0.39118468185
423 3384 0.533211542177 0 56.2047648733 0.664438684892 0.000699905853098 0.0326835094209 0.750694634975 0.397322037336
424 3392 0.632979717244 0 57.026565824 0.668405705567 0.00959685820793 0.0204814499528 0.74367239955 0.329233864402
425 3400 0.538732443406 0 52.0937122978 0.626336398577 1.54207667941e-07 0.0202762536983 0.749136658443 0.305762550389
426 3408 0.489240205199 0 49.1713274622 0.654331660535 0.0012592352693 0.0328428659354 0.755800275034 0.398870771977
427 3416 0.467633602707 0 55.4895244915 0.680014216223 0.000226827612666 0.0349729230914 0.764486647855 0.434029130337
428 3424 0.449850831973 0 52.9139173675 0.661197843218 0.000153773600393 0.0273427297405 0.763841413627 0.384526378427
429 3432 0.44530176434 0 49.5249317954 0.67098955643 0.00367624998442 0.0256238746902 0.752977270289 0.362802310671
430 3440 0.454920685187 0 53.5975005393 0.675287829468 0.0038607203294 0.0198715770152 0.759823537234 0.343545462003
431 3448 0.528680780196 0 55.075404011 0.621153252805 2.01693711763e-07 0.0172741703294 0.751025435879 0.28991633822
432 3456 0.591108765948 0 38.1779557538 0.619865757748 0.00752629559465 0.00845366631471 0.741697760836 0.206348190916
433 3464 0.602984185211 0 53.9452805758 0.63353535017 0.00291791535835 0.0123068741771 0.749316048965 0.247340891993
434 3472 0.532616872764 0 60.7579080595 0.667119197601 0.0174502223122 0.0152114056574 0.748160785347 0.294054807496
435 3480 0.548834491271 0 57.7550180495 0.681174169667 0.00466184511581 0.0174557738494 0.764340761405 0.331799583638
436 3488 0.51240257357 0 57.7962497821 0.650943499926 0.0016230753841 0.0298886163721 0.761650534958 0.384128042271
437 3496 0.512770843135 0 56.7310227686 0.651248166182 0.00156834019332 0.031046146647 0.763434517134 0.391640660061
438 3504 0.488811053042 0 71.0684348372 0.640974221972 0.00020948631535 0.0206567557227 0.755280297172 0.320573440705
439 3512 0.520720732644 0 39.4433083182 0.67770842059 0.00728099838166 0.0254380222986 0.757132997292 0.371517049183
440 3520 0.590831593689 0 47.3608527198 0.627160407788 0.00472692131213 0.0191235878872 0.744274523352 0.282333608147
441 3528 0.64039640816 0 61.9148914616 0.640001177868 0.00296979494548 0.0420052333099 0.762765688633 0.430430670653
442 3536 0.755723121629 0 50.1373109959 0.662224104083 0.00564692944867 0.0299890008065 0.748854041995 0.361292485337
443 3544 0.786486543399 0 56.33115801 0.619875622912 0.0221316503563 0.0377454232823 0.763702726614 0.392935415964
444 3552 0.927242132971 0 53.3059133485 0.634382266181 0.0284734103679 0.0520474474354 0.770133990578 0.468608591244
445 3560 0.913443812596 0 51.9892236106 0.586159592858 0.0730958785647 0.0299837322275 0.778832931267 0.359115543122
446 3568 1.00461665826 0 53.914789929 0.627414334809 0.00230279153791 0.00757297590292 0.765684741144 0.211841107574
447 3576 1.12179018184 0 53.8997831556 0.554341146327 0.0042707181913 0.00768290361418 0.73696416144 0.132242899931
448 3584 1.0129414823 0 63.6219540865 0.547111334736 0.0116559441445 0.0104314901175 0.753711678616 0.175499605883
449 3592 0.845274518784 0 48.5619315778 0.590502559525 0.00308850145332 0.01662841572 0.752359734669 0.251908770751
450 3600 0.784959719346 0 53.1801339167 0.597575348216 0.0132976092862 0.0178542730477 0.761222164771 0.260044802852
451 3608 0.756473434131 0 49.5884018827 0.586536483731 0.0152469121986 0.0179308588851 0.758641737834 0.249214685348
452 3616 0.697703040966 0 54.8520651025 0.646516243012 0.000445445718421 0.0253990550659 0.761757409266 0.3352195744
453 3624 0.790530756601 0 55.3025733459 0.622762135962 0.0130839481838 0.00938496773354 0.738047562448 0.172968081725
454 3632 0.760851067224 0 58.1800494703 0.621002804227 0.0076875146709 0.012366991634 0.772990477295 0.259062631416
455 3640 0.789582781496 0 61.1356973807 0.591842195913 8.89794604383e-06 0.00382948561414 0.754030554013 0.122729146081
456 3648 0.830281195107 0 42.3795939881 0.603634556947 0.00499953704327 0.00094038849345 0.759572891794 0.0764016523311
457 3656 0.84415777497 0 48.6912744937 0.648722852251 0.0152529784961 0.0040436105279 0.762750820079 0.168586716772
458 3664 0.872641317852 0 52.245874041 0.615395003531 0.0222328595633 0.000274791591226 0.757807633671 0.0116178363276
459 3672 0.94790701537 0 47.8284957503 0.614180020472 0.0203197542865 4.36150748786e-05 0.758520236649 0.0377239103693
460 3680 0.922263022557 0 46.5914744224 0.676711123683 0.0984878675378 0.00365199152815 0.739088262961 0.138988881627
461 3688 0.815852874379 0 59.6838790567 0.63817973904 0.0509045731726 9.15367890639e-05 0.756418142347 0.0315524995832
462 3696 0.838283384497 0 50.7181776055 0.620877210937 0.0481382981736 0.000647683560615 0.757892531793 0.00339894454432
463 3704 0.737756501932 0 65.0602694027 0.586060199771 0.0126308775141 0.000220566988672 0.755220715551 0.00367328791646
464 3712 0.765534107302 0 53.8046112644 0.574931043791 0.00558662819394 3.86282434708e-05 0.755229583226 0.0163883606891
465 3720 0.854515149727 0 55.2112860906 0.531159248402 0.00444989723966 0.00125820643858 0.757141076879 0.0365060357711
466 3728 0.785960462124 0 40.1237203019 0.595629510595 0.00665065547171 0.000179893146699 0.762997978795 0.0479212926511
467 3736 0.671349806078 0 48.4799391069 0.59251492902 0.00253135685778 0.00149051803959 0.760613427926 0.0808476767722
468 3744 0.561688171024 0 48.3172008025 0.547290335025 0.000130630612522 2.06401780284e-05 0.761012516744 0.00452551353033
469 3752 0.58973350017 0 43.4742038871 0.572332839969 0.0079684985096 0.00154663947998 0.761301112585 0.000413290484682
470 3760 0.668103198503 0 55.0596181182 0.555599253679 0.000336476294018 4.85686915287e-05 0.766247867927 0.00729895053085
471 3768 0.734683733238 0 58.3891266923 0.584730087207 0.0213260807544 0.000538903264396 0.764097033404 0.00277157522012
472 3776 0.843374160896 0 47.7300700756 0.564754456279 0.0376151307506 0.00634376383582 0.760797310415 0.0481062861236
473 3784 0.790643102726 0 54.4344461581 0.542693718789 0.0082139248879 0.00866188756483 0.765413143282 0.0718288876188
474 3792 0.839899911009 0 52.1423330423 0.588107145576 0.0134206786569 6.25126466001e-06 0.761273216443 0.0160938547227
475 3800 0.807704566409 0 51.2631239486 0.565280239084 0.00285374176095 0.0010939872279 0.75968280858 0.0424291013785
476 3808 0.801450537058 0 39.7275809696 0.607438026514 0.0155283321751 2.82532718439e-05 0.764436742856 0.0340835974612
477 3816 0.763126858767 0 53.0338345654 0.599257431836 0.0167955170233 0.00011769750748 0.766439839688 0.0135442591473
478 3824 0.653276014046 0 48.3325046917 0.606280519805 0.00864962239583 1.28085272889e-05 0.766142945576 0.0348714997788
479 3832 0.600392632082 0 57.5920375057 0.625560564481 0.0225470197436 3.53998297006e-05 0.766865270064 0.0520881454128
480 3840 0.59899110784 0 64.3589370053 0.593429106916 0.0264456822157 0.00548390055491 0.769362407601 0.014124870186
481 3848 0.573352860425 0 51.5114396222 0.590850967785 0.0120481327855 0.00151971756148 0.767722130716 1.81149404038e-05
482 3856 0.57537111516 0 67.1013718263 0.592405534364 0.00649037410972 0.000434193455603 0.775176215876 0.0112077527435
483 3864 0.540434803554 0 50.4496903062 0.586882032461 0.00656411814952 0.00114895903125 0.771292101885 0.00109790428378
484 3872 0.497465192114 0 51.5570637679 0.582334080086 0.00396818136587 0.00203476467666 0.774246908186 1.4405596625e-07
485 3880 0.530301349738 0 53.8159463059 0.555526405671 1.66418490347e-06 0.000655857647319 0.771053950803 0.000734502798948
486 3888 0.49748252126 0 62.8561475234 0.559897770118 0.000646689442837 0.000378581445481 0.768950574794 0.00147029657433
487 3896 0.441964912136 0 51.7914188332 0.575968907263 0.00102163093209 3.48648723141e-07 0.770672708838 0.0250846470469
488 3904 0.410364380308 0 48.7332612044 0.565586877685 7.20402527036e-07 2.14074177319e-05 0.770156137826 0.0235183474502
489 3912 0.449391897573 0 52.4682084052 0.559609369678 2.08081006117e-06 1.28135896834e-05 0.767247762565 0.0175061054953
490 3920 0.603386739868 0 50.2010067919 0.555880380154 0.0009749500384 0.0011087105031 0.762699714488 0.0583434270447
491 3928 0.755996533703 0 55.2381610341 0.534302020027 0.00279023197477 7.22757919525e-07 0.76757381034 0.0100189362893
492 3936 0.822553905769 0 48.5055824436 0.555275143635 0.00275649019093 0.00282463604091 0.763010024013 0.092932171188
493 3944 0.862684249827 0 53.4398088797 0.556647204977 0.00741932694522 0.00846469656354 0.764223151832 0.163182469397
494 3952 0.904436689185 0 61.0335005824 0.501041866377 0.0106118951328 0.0019251376604 0.747614457931 0.0248037384485
495 3960 0.843395577342 0 57.5010320215 0.501339239194 0.0184693536822 0.00381859594737 0.756630662495 0.0554307107308
496 3968 0.899726519777 0 49.9124954686 0.501472189608 0.0116756232718 0.00053494892606 0.751089111262 0.0095816003051
497 3976 1.09181612164 0 50.8272136315 0.465440442843 0.0534377793009 0.00221708694155 0.751440783823 0.0236778490091
498 3984 1.27142240469 0 55.529682359 0.434542436142 0.0658345225024 7.7097257068e-05 0.753215916665 0.0126786210393
499 3992 1.32115798466 0 61.2021614217 0.424261430776 0.0753185327656 0.000132854725544 0.756094118537 0.0165776522461
500 4000 1.42549070595 0 63.2687981977 0.470926347717 0.0242434196253 0.00321549889286 0.759523262814 0.0539901837849
501 4008 1.58477540833 0 62.0166938196 0.371687252416 0.0572539787635 0.017612086233 0.746854007563 0.267464963937
502 4016 1.53710135147 0 61.4606525865 0.418207568375 0.081164731843 0.00487955343285 0.759757160544 0.103918937244
503 4024 1.25736527975 0 60.0264803248 0.389596105816 0.08439544112 0.00897701275329 0.751304724305 0.176451473344
504 4032 1.16799480127 0 50.465438876 0.467520747467 0.0449564548728 0.00332208094755 0.760047985387 0.0510885802007
505 4040 1.0371791573 0 54.3839453277 0.438386210694 0.0436116219841 0.00453662046121 0.752498602199 0.0984817084318
506 4048 1.06765021189 0 65.7114807438 0.47545873816 0.0364811953943 0.00250375998167 0.759290121579 0.0283078804558
507 4056 1.12547782132 0 55.571718872 0.507687000253 0.0188761489911 0.00775249295571 0.76531533899 0.0602575184279
508 4064 1.48172316081 0 43.4783364337 0.587041300515 0.00647083202185 0.0125744292909 0.772071142241 0.0449098353636
509 4072 1.74827400679 0 49.0231404002 0.567633342847 0.000630043947713 0.0112352242686 0.765149005401 0.0473728754368
510 4080 1.89598315152 0 54.7946717466 0.611850505713 0.0207961531239 0.0226068627006 0.778920664254 0.0806295394523
511 4088 1.9651903538 0 44.084319768 0.565504802688 0.0130425153206 0.0101589983235 0.75923431149 0.0669252249768
512 4096 2.01996985713 0 68.8489688736 0.489332088911 0.00456964438431 0.0254442484713 0.754748210817 0.239425444487
513 4104 2.16109354351 0 50.6196122127 0.685467360231 0.0924882544634 0.00456341200973 0.784260871407 0.00577776178104
514 4112 2.57278353949 0 58.9638362854 0.570541388521 0.0158704659287 0.0197189178351 0.793068343227 0.103182313769
515 4120 2.74879562069 0 55.964420092 0.586137269774 0.01912147943 0.0214287357738 0.784451725368 0.0833174959419
516 4128 3.11349049298 0 63.3096564465 0.685193755677 0.00973503105006 0.000577367823621 0.798426001175 0.21074193722
517 4136 2.91677198059 0 46.7834480713 0.658755089926 0.0829882400377 0.00647614251584 0.796436776492 0.00388326579696
518 4144 2.8178440277 0 47.7979305765 0.570008918107 0.0174939815142 0.0050583445563 0.775014337154 0.0179440807914
519 4152 3.01755984127 0 54.105693775 0.615363423326 0.123907029912 0.0336598109082 0.780315691646 0.201178388116
520 4160 2.71052137302 0 59.7924139514 0.586545168385 0.014942570095 7.06271320022e-06 0.793572554292 0.0211478197009
521 4168 2.18677428828 0 73.4096290942 0.661799583848 0.0962892517861 0.0129303071873 0.797851539383 0.0121102230553
522 4176 1.95816677413 0 53.2147854228 0.623784245602 0.0180569516562 0.000233599921517 0.794502772204 0.0529092776876
523 4184 1.68111765075 0 60.5109198676 0.553218187888 0.00672742946888 0.00201558833021 0.780605744514 0.00718459861019
524 4192 1.55676228084 0 59.1187877986 0.566213688997 0.0102053329762 0.00636753819066 0.783431566788 0.0217585516574
525 4200 1.31635720294 0 52.0100984077 0.610587044086 0.00477212139982 0.000557621726176 0.785569116995 0.0961647845997
526 4208 1.26184748044 0 55.0545247879 0.62485867522 0.0321212589179 8.78871546498e-06 0.7855312834 0.0471947516252
527 4216 1.12067203988 0 53.9941919657 0.633978497899 0.0285849037226 7.61553464422e-05 0.792884202446 0.0588990750124
528 4224 1.15301032191 0 48.4356101218 0.621392661666 0.0175871964532 0.0036696643798 0.787477271409 0.153364247882
529 4232 1.12247211786 0 58.7565359962 0.614972411045 0.0151342380058 0.000739904043923 0.791082512115 0.0980983155843
530 4240 1.08690119253 0 61.1515029022 0.61875719243 0.01389160584 0.00806920290936 0.784216739385 0.192913256888
531 4248 0.958757133792 0 52.5686520428 0.623688837133 0.0192290581293 0.00199211450589 0.78401347511 0.124374475335
532 4256 0.735047126558 0 51.01687573 0.604685833857 0.0256687771323 7.95838794337e-05 0.782859002988 0.0410851487127
533 4264 0.705902654142 0 48.0202536198 0.603359103856 0.0181065557776 0.00138017555327 0.783339850787 0.0878287140593
534 4272 0.667234446831 0 54.0826756744 0.61144823804 0.0233443406555 0.00109847114559 0.783034366179 0.0879764357444
535 4280 0.648967021855 0 50.8585791438 0.626212668318 0.0226166126664 0.00586942585862 0.788036738352 0.174649233398
536 4288 0.680339874065 0 55.9300970355 0.627551518281 0.0297244303671 0.0053640569213 0.785757621112 0.162307242547
537 4296 0.675488143545 0 51.3591604433 0.634657990323 0.0263248405869 0.00682934629017 0.785868439779 0.189462329084
538 4304 0.636802974319 0 66.2143544264 0.631120997577 0.0194894041585 0.00536885449135 0.788306687967 0.179430346899
539 4312 0.622662277541 0 53.2608550145 0.617573141279 0.00967612277326 0.00876116537185 0.784716581432 0.20304511138
540 4320 0.551402234329 0 51.5998487653 0.618593262821 0.0245093351288 0.0046163500233 0.784392888564 0.146013096513
541 4328 0.528244871994 0 66.0942358527 0.626626470257 0.0197664778371 0.00513163107159 0.785495477527 0.17091990682
542 4336 0.506854077967 0 54.7177361438 0.602453495104 0.013378597321 0.00234771366643 0.782871718296 0.110407886098
543 4344 0.458846268755 0 49.5382401132 0.604701725542 0.0191967740591 0.00302050356096 0.781400579194 0.11271867306
544 4352 0.43654320779 0 49.4387580322 0.599647634515 0.0199013644511 0.000834893349638 0.781154901397 0.0673706400279
545 4360 0.404313400124 0 41.9775811335 0.610675407364 0.0230435623651 0.00137406692805 0.783655784461 0.0954280648234
546 4368 0.375545623461 0 65.0301814835 0.600683336107 0.0132814393032 0.00229648936493 0.782426637108 0.107835859117
547 4376 0.319186827476 0 60.2912389178 0.601774813024 0.0181775273932 0.00196264662095 0.781740829264 0.0960855447045
548 4384 0.293181581814 0 72.2373654324 0.611562266463 0.0174221351891 0.00282326265045 0.783871227458 0.125286666924
549 4392 0.29309451303 0 64.3596979348 0.602136859429 0.0160240100798 0.0017208379697 0.783057342497 0.0953638397978
550 4400 0.3188358381 0 62.1790582944 0.602280020967 0.0213803692347 0.00128318220785 0.78241394165 0.0800686130689
551 4408 0.304301162656 0 55.9182554398 0.60028914743 0.0193493018474 0.00140618720923 0.78183684092 0.0823722821368
552 4416 0.311236183011 0 61.9701926254 0.601764585675 0.0202330070065 0.00198581402535 0.781706780453 0.0940230667898
553 4424 0.33963548588 0 52.44288504 0.610902011907 0.0208731239462 0.00284763369942 0.783853116228 0.121423441409
554 4432 0.295422902054 0 58.2373697777 0.604739786342 0.0213590548424 0.00133737808108 0.782585651665 0.086273911521
555 4440 0.290333720964 0 54.2703171676 0.603084420761 0.0205040402434 0.00241807779108 0.782444972045 0.10357429604
556 4448 0.250293109019 0 51.9842773206 0.605391900133 0.0181014595693 0.00209767129645 0.782934996933 0.10433835706
557 4456 0.273050409743 0 60.4466229875 0.608610666799 0.016297416888 0.00378178934983 0.783915382616 0.134474208774
558 4464 0.30103879867 0 55.1357691257 0.604933489666 0.0146273961504 0.00512752828587 0.782465491538 0.145792469271
559 4472 0.266404072505 0 49.737600622 0.612659243522 0.0187816966031 0.00363611145636 0.783975553931 0.135962062385
560 4480 0.276439868996 0 56.1383992779 0.606425705834 0.0187628930673 0.00191155354116 0.783379970606 0.103374082911
561 4488 0.294470951614 0 53.9894352824 0.602673060532 0.0168754680108 0.00167315372533 0.782807707631 0.0961340791336
562 4496 0.291734986559 0 51.6194066568 0.609570181841 0.0178573219894 0.00132218151479 0.784474133742 0.0989542988584
563 4504 0.272051295129 0 49.6255060469 0.599371153359 0.0157117707474 0.001297167354 0.78263306727 0.0853595661669
564 4512 0.226035376055 0 52.1097004277 0.604716835905 0.0182982009879 0.00106971974571 0.783530016487 0.0858906826734
565 4520 0.217163079818 0 62.9547433505 0.606203268036 0.0159168717134 0.00171338905474 0.78351896512 0.10329774848
566 4528 0.176351013925 0 54.3788865881 0.601443882583 0.0176688732206 0.00104607067119 0.78278102284 0.080559218664
567 4536 0.18966364964 0 56.2447110378 0.601619701264 0.0164766171659 0.00102269385078 0.782868328495 0.0818124109143
568 4544 0.16831136574 0 53.150506639 0.602233064289 0.0157614986595 0.0014879752827 0.783097309517 0.0936969937854
569 4552 0.203344057024 0 63.6417694027 0.608960189579 0.0184531201246 0.00161512022022 0.783993268733 0.101979188079
570 4560 0.194775463033 0 54.6478389442 0.605243705862 0.0168366603586 0.00201293218051 0.78353138753 0.10508524325
571 4568 0.173234375861 0 59.3683759455 0.605844588688 0.0168564022039 0.00207091408104 0.783459231319 0.107376015081
572 4576 0.171481615953 0 53.8771165125 0.60518262135 0.0151475483107 0.0020245520949 0.7839204649 0.107608224355
573 4584 0.172711016931 0 47.5788790128 0.6050951852 0.0150789751046 0.00195799078677 0.784040582406 0.1070284696
574 4592 0.153668189666 0 54.3263756196 0.607803232407 0.0172534911629 0.00180229227953 0.784112560738 0.104982000056
575 4600 0.157978395905 0 52.6802920966 0.60566988618 0.0169596064821 0.00173870552162 0.783507594796 0.101330128136
576 4608 0.162750723347 0 53.1597236295 0.606388208307 0.0159437926133 0.0019463724773 0.783750136673 0.107661441542
577 4616 0.153765542352 0 53.7821242034 0.607075952234 0.0154860898535 0.00200933395181 0.784241525379 0.11036587843
578 4624 0.14778124748 0 60.3169420818 0.607228009157 0.0176947728365 0.00155852561197 0.783630506119 0.100089463574
579 4632 0.148283404357 0 71.4991184197 0.605444944186 0.0174798372808 0.00123373260978 0.783366429049 0.091166909364
580 4640 0.166522611525 0 48.2773105212 0.606832942511 0.0184036781905 0.00126785435094 0.78335938744 0.093289466536
581 4648 0.147653120716 0 61.2000955957 0.60503490942 0.0162247814185 0.00160679776625 0.783506954812 0.0997385352343
582 4656 0.145385694769 0 50.1174120993 0.606940617035 0.0180844555877 0.00139606031916 0.783443603927 0.0963684878206
583 4664 0.117097899904 0 59.6453590682 0.605421894675 0.0171198262835 0.00129909700447 0.783546401325 0.093120290882
584 4672 0.125716435793 0 54.6340892981 0.605417855263 0.0183374018275 0.000958077244164 0.783358969898 0.0846251968667
585 4680 0.141300065149 0 57.4740385482 0.607137801949 0.0182035378202 0.00100223897624 0.784001524288 0.0884541106272
586 4688 0.147558036068 0 49.2357863807 0.606046579005 0.0170383427509 0.00143478641985 0.783697719521 0.0968703082803
587 4696 0.143246679734 0 71.02345429 0.609222142715 0.0169251462488 0.00172507662844 0.784546861938 0.107270235835
588 4704 0.141323191656 0 50.0826118192 0.608364926088 0.0172274413233 0.00156502285181 0.783958692916 0.102770062841
589 4712 0.160232379192 0 60.7588557754 0.605707128235 0.0165582130791 0.0013699056472 0.783493545653 0.0963577482367
590 4720 0.171676632682 0 46.7694034557 0.606096423284 0.0166202202032 0.00137228052427 0.783767126553 0.0972376693426
591 4728 0.224644630348 0 56.0771647539 0.606694703405 0.0174985584861 0.00206061443282 0.783081633348 0.108102599897
592 4736 0.214944477003 0 51.3667639482 0.610889081786 0.0172314323058 0.00204672751336 0.784914314501 0.114945381882
593 4744 0.215454150743 0 58.6116740276 0.607032408939 0.0171936167802 0.00123816799649 0.784146440003 0.0944616042491
594 4752 0.240656823549 0 47.2615595623 0.607321406257 0.0171055496891 0.000809843999231 0.784857498819 0.0858169171043
595 4760 0.242153707972 0 40.2121545455 0.604668711648 0.0164867956595 0.00057508208295 0.784217252318 0.0763495605186
596 4768 0.241210664036 0 49.510807145 0.603257367147 0.0184214132431 0.000429773373566 0.783245354449 0.0668610824753
597 4776 0.238585511755 0 66.1613340991 0.602185569881 0.0158834641914 0.000878731252388 0.783142351438 0.0812678339261
598 4784 0.240005496049 0 58.2239428391 0.598913184856 0.0163000937383 0.000276800757545 0.782761406539 0.0573042438347
599 4792 0.258413990913 0 52.2675219116 0.601813646264 0.0158700850856 0.000292042521546 0.784187887235 0.063332018753
600 4800 0.290378672047 0 64.8362031468 0.601326105132 0.0153913428099 0.00088493883134 0.783792769109 0.0805505106697
601 4808 0.299622860866 0 47.4349600862 0.604839092171 0.016684417166 4.24090201799e-05 0.785260243174 0.0517090796206
602 4816 0.26440138112 0 58.9278687308 0.602650175868 0.0158317224032 0.000784078277921 0.783933181843 0.079219624723
603 4824 0.233695411738 0 47.6541889201 0.600932515582 0.0161809471218 0.00112053796415 0.782457773089 0.0843649034375
604 4832 0.195219553695 0 50.1722599548 0.602597042509 0.0161276328208 0.000353298909549 0.784122174222 0.0663903157916
605 4840 0.196317509234 0 56.2121837769 0.601084535702 0.0165279509055 0.000243463767474 0.783357646297 0.0588840214803
606 4848 0.188470995594 0 52.5347970181 0.602656791016 0.0169140901703 0.000364556934175 0.783384324498 0.0660134206878
607 4856 0.169805927528 0 61.8164476602 0.601945388122 0.0164433334682 0.000112976485077 0.783902376733 0.0537412501296
608 4864 0.183715412085 0 58.5632636731 0.601113847561 0.016151574522 6.94938732108e-05 0.783986323157 0.0494707473637
609 4872 0.172303309438 0 53.1538958624 0.60047080432 0.0160587690058 0.000119261991756 0.78379046407 0.0524303860484
610 4880 0.148429408224 0 48.299063874 0.601391650322 0.0157554392628 0.000106923813321 0.784129792634 0.0534873843235
610 4880 0.148429408224 0 48.299063874 0.601391650322 0.0157554392628 0.000106923813321 0.784129792634 0.0534873843235
