% # columns="iteration, evaluation, void, void, void, xmean", seed=985740, Sun Dec 16 04:59:11 2018 # scaling_of_variables: 1, typical_x: 0
1 8 0 0.0 nan 0.888390084027 0.240500324266 0.215588029559 0.930038656731 0.553090717246
2 16 0 0.0 nan 1.15361376651 0.386742110454 -0.0908258209851 0.783139674655 0.908012345267
3 24 0 0.0 nan 1.07025500775 0.448754346481 -0.203798579506 0.612108971905 0.577319943241
4 32 0 0.0 nan 1.11918414804 0.448041357791 -0.215334957947 0.692039394675 0.788656431657
5 40 0 0.0 nan 1.3451632751 0.0400699520445 -0.128594729139 0.847006336349 0.952417865319
6 48 0 0.0 nan 1.39015229451 0.187311564293 -0.0312613734818 0.727950567126 1.08378625934
7 56 0 0.0 nan 1.43620210904 0.234630119017 0.0788788327676 0.546674231494 0.778451525935
8 64 0 0.0 nan 1.57185370857 0.276246977307 0.0841110719657 0.563014036963 0.858797493508
9 72 0 0.0 nan 1.70801919067 0.0231979185268 0.0128836113985 0.615873716069 0.943132294238
10 80 0 0.0 nan 1.68879758683 -0.0501997442422 -0.0360605260208 0.539782434993 1.27529163826
11 88 0 0.0 nan 1.62178357127 -0.0826079303523 0.0216279931683 0.680666369823 1.15483072325
12 96 0 0.0 nan 1.46893667466 0.0713238229322 0.0118079228326 0.573313825716 1.08804244878
13 104 0 0.0 nan 1.4488753637 0.0221341819929 0.123968255757 0.509318117266 1.08463228111
14 112 0 0.0 nan 1.42040299972 0.0822436770071 -0.0165670259046 0.549496473774 1.1074647941
15 120 0 0.0 nan 1.33352882108 0.0490422658649 0.0257876248362 0.612675657215 1.13364384989
16 128 0 0.0 nan 1.38780917519 -0.0292855216111 -0.000911101711988 0.671581025162 1.23500065943
17 136 0 0.0 nan 1.46105089008 -0.0819369116869 0.0298013614992 0.653675465042 1.26667295714
18 144 0 0.0 nan 1.38102685641 0.0568843647342 0.0737132968514 0.664976477673 1.16779156681
19 152 0 0.0 nan 1.47277282888 -0.0958554921073 0.0542672815473 0.731666466988 1.2712829148
20 160 0 0.0 nan 1.35115648549 -0.0175043752927 0.0655850391088 0.697834011612 1.18792035731
21 168 0 0.0 nan 1.34159874427 0.0107105320225 0.0581015707562 0.771117833459 1.21902065659
22 176 0 0.0 nan 1.31230341288 0.0163141432836 0.103012557188 0.775911026514 1.23857683932
23 184 0 0.0 nan 1.34171767122 -0.00874161523562 0.0993742418867 0.772453746199 1.30562190679
24 192 0 0.0 nan 1.26448824536 0.0776997398862 0.121391527614 0.817448253418 1.29585765226
25 200 0 0.0 nan 1.33501255117 0.00980273576843 0.09895804741 0.825561861551 1.31750651828
26 208 0 0.0 nan 1.34634805658 -0.000937658460361 0.087363316778 0.828052096149 1.31241006341
27 216 0 0.0 nan 1.32875027366 -0.0143538820835 0.0890211563541 0.821428457394 1.35782712724
28 224 0 0.0 nan 1.30285536087 0.0335411175633 0.06587591818 0.796118503129 1.33556638308
29 232 0 0.0 nan 1.353090972 -0.000818314500092 0.0376241913379 0.785249669473 1.35404480436
30 240 0 0.0 nan 1.33142065126 -0.001583504797 0.0449872191703 0.756250468473 1.34257182742
31 248 0 0.0 nan 1.33420356561 0.0260092214114 0.0663965573377 0.742179789588 1.34136393059
32 256 0 0.0 nan 1.34370596682 0.0171784205062 0.079368417322 0.733597990935 1.31890981422
33 264 0 0.0 nan 1.38282996417 0.00267110730952 0.0945905354391 0.739889381987 1.36120062476
34 272 0 0.0 nan 1.32806189128 -0.0248607487752 0.082112320068 0.771812597954 1.34582562163
35 280 0 0.0 nan 1.32984124871 -0.0228140071576 0.0951801593075 0.832085111726 1.38986865316
36 288 0 0.0 nan 1.34692171874 0.000563824312835 0.110611665226 0.769296060207 1.35972283131
37 296 0 0.0 nan 1.35370207125 0.00537169539983 0.115296029757 0.758698029016 1.35057866347
38 304 0 0.0 nan 1.38142457876 -0.00975039595059 0.125183517226 0.778581224221 1.36603239294
39 312 0 0.0 nan 1.38781218055 -0.0312087457127 0.110926623512 0.74049524447 1.37578261468
40 320 0 0.0 nan 1.35714966838 -0.000454566941967 0.0973354733743 0.751357720408 1.33100540246
41 328 0 0.0 nan 1.36980443782 -0.0124763627711 0.0852384914644 0.76303230725 1.37289067148
42 336 0 0.0 nan 1.37804031958 -0.0308091111632 0.0860277248167 0.755813334466 1.40696903489
43 344 0 0.0 nan 1.37467792347 -0.0249023658941 0.0908907487959 0.753390288344 1.4105045852
44 352 0 0.0 nan 1.37280100605 -0.0277327719144 0.0875874933392 0.745178846141 1.41314134256
45 360 0 0.0 nan 1.38274626753 -0.0543883811661 0.0875689390618 0.757546403982 1.41447356325
46 368 0 0.0 nan 1.39529924183 -0.0597480596212 0.086917437367 0.759144448698 1.40761024667
47 376 0 0.0 nan 1.39049664264 -0.0379335462859 0.0907698562771 0.749481568482 1.37420204565
48 384 0 0.0 nan 1.36884364794 -0.0319256834317 0.0830770290766 0.756475367539 1.38330130569
49 392 0 0.0 nan 1.37265906983 -0.0344955592367 0.0815316654144 0.758667892002 1.36801175697
50 400 0 0.0 nan 1.37980323681 -0.0547873775207 0.079319425487 0.766360583858 1.37478273441
51 408 0 0.0 nan 1.37460761146 -0.0776460729547 0.0804198676083 0.775965038988 1.40381165561
52 416 0 0.0 nan 1.37981180332 -0.0950010427576 0.0713938749497 0.782044030815 1.42252326316
53 424 0 0.0 nan 1.39631551766 -0.106768645622 0.0665229512888 0.777739481703 1.43189387177
54 432 0 0.0 nan 1.40415750944 -0.115609359143 0.0562492107687 0.779403047042 1.44361303602
55 440 0 0.0 nan 1.41029574569 -0.118564832392 0.0621893749096 0.771201108409 1.43302454729
56 448 0 0.0 nan 1.42497626103 -0.123373495016 0.0644935262286 0.767103918033 1.45253822951
57 456 0 0.0 nan 1.43652169715 -0.128792848826 0.0653824445902 0.77010071756 1.47404054773
58 464 0 0.0 nan 1.45237435935 -0.135679470164 0.0671998650641 0.757011478194 1.49237264248
59 472 0 0.0 nan 1.45267066723 -0.120897095526 0.0844160915302 0.749523195591 1.46865564323
60 480 0 0.0 nan 1.44442303393 -0.111956461142 0.0893132190808 0.747626896132 1.4377833749
61 488 0 0.0 nan 1.44085392308 -0.0858496312543 0.098147834507 0.737221179191 1.40383760099
62 496 0 0.0 nan 1.44991685139 -0.117908315705 0.0848189995689 0.740665074149 1.4261624664
63 504 0 0.0 nan 1.42928969895 -0.111061344279 0.0820386885307 0.738510315302 1.4249243651
64 512 0 0.0 nan 1.41131458527 -0.0968604491615 0.0829229630649 0.74071877784 1.41806725493
65 520 0 0.0 nan 1.40278483659 -0.101297220242 0.0711098332075 0.746174716631 1.44467313905
66 528 0 0.0 nan 1.36186844332 -0.0709076774855 0.0714754961865 0.749629520203 1.41006640244
67 536 0 0.0 nan 1.37529762854 -0.0757263199745 0.0673175870653 0.753833657542 1.43045482829
68 544 0 0.0 nan 1.34276400094 -0.0311494757096 0.0665662528303 0.750488496178 1.38121444286
69 552 0 0.0 nan 1.33359409138 -0.00523664285214 0.0871216427004 0.745437875194 1.36836004817
70 560 0 0.0 nan 1.31297061787 0.0422920974606 0.0876350601401 0.739104031039 1.33493637226
71 568 0 0.0 nan 1.35065769018 0.00579017867966 0.0938162406056 0.737911351588 1.33303285903
72 576 0 0.0 nan 1.35974085279 0.00219629788189 0.084324255178 0.741813887634 1.34445080127
73 584 0 0.0 nan 1.38440201303 -0.0044269070254 0.0819993905408 0.735635903338 1.34812552118
74 592 0 0.0 nan 1.3898811768 -0.0495418049799 0.0710725265171 0.738751906255 1.37163286029
75 600 0 0.0 nan 1.35762816378 -0.0465828644125 0.0570828093572 0.75389076863 1.41386612009
76 608 0 0.0 nan 1.37297009207 -0.0710267662938 0.045932490786 0.759506052947 1.4442330745
77 616 0 0.0 nan 1.33725739235 -0.0615365679804 0.030079625672 0.780350686428 1.45809054962
78 624 0 0.0 nan 1.32803729152 -0.0176303324918 0.0453988526802 0.759802209547 1.38184867861
79 632 0 0.0 nan 1.35180448195 -0.0594056917076 0.03796209031 0.758469264829 1.41062794644
80 640 0 0.0 nan 1.3893311576 -0.0978178167171 0.0231094861624 0.765940172277 1.45376047656
81 648 0 0.0 nan 1.40825310857 -0.092807345715 0.0364227083942 0.764791626969 1.43952053827
82 656 0 0.0 nan 1.43145549326 -0.102762539056 0.0253263906339 0.765635083767 1.48987784985
83 664 0 0.0 nan 1.4245079528 -0.0977602065553 0.0253413986174 0.762634657236 1.47379258455
84 672 0 0.0 nan 1.40168648688 -0.0857328252164 0.0288995795846 0.765569973818 1.46502897029
85 680 0 0.0 nan 1.40457936239 -0.100320147363 0.0281881336905 0.773806064698 1.48022056565
86 688 0 0.0 nan 1.37483263595 -0.098419540573 0.0233998127975 0.77768509574 1.46773586419
87 696 0 0.0 nan 1.36531202181 -0.0874758182738 0.0328616974751 0.773604023621 1.45558712168
88 704 0 0.0 nan 1.38410124458 -0.0993577668614 0.0384787245115 0.771895782623 1.47383523863
89 712 0 0.0 nan 1.40551525109 -0.126172987475 0.0339019545579 0.774301846958 1.50519819319
90 720 0 0.0 nan 1.40019858436 -0.115848498476 0.0337950923306 0.775812323753 1.48621484506
91 728 0 0.0 nan 1.39462708198 -0.11621171079 0.0313515590387 0.780696579463 1.49431795436
92 736 0 0.0 nan 1.41816689878 -0.124706480727 0.0352533669884 0.770410317885 1.50472036876
93 744 0 0.0 nan 1.4171434453 -0.121271673869 0.0303054873496 0.769812333906 1.51014798579
94 752 0 0.0 nan 1.40432229685 -0.106433886449 0.0313158466506 0.771767622117 1.50758372749
95 760 0 0.0 nan 1.40503637313 -0.0894602961698 0.038571988796 0.763684252459 1.48043842692
96 768 0 0.0 nan 1.39200922478 -0.0890831734302 0.0363675515854 0.765419398909 1.48912828457
97 776 0 0.0 nan 1.3883361719 -0.0935397617468 0.0326897569219 0.768888196736 1.49880653878
98 784 0 0.0 nan 1.40143135124 -0.0912519001605 0.0343897928885 0.765123723971 1.50798122102
99 792 0 0.0 nan 1.4083894803 -0.0900470256809 0.0272076657382 0.765175229192 1.53359741101
100 800 0 0.0 nan 1.43187952924 -0.0822424987592 0.0366555109362 0.753441005355 1.52918285074
101 808 0 0.0 nan 1.45217844284 -0.0723626227515 0.0389635811579 0.745612705473 1.53774421714
102 816 0 0.0 nan 1.46913638721 -0.059539046108 0.0445342576014 0.731490420124 1.51968200679
103 824 0 0.0 nan 1.44853263819 -0.0473156524884 0.0422392936696 0.728859765976 1.51557372949
104 832 0 0.0 nan 1.40819372983 -0.0405313829355 0.0382155714805 0.746409632505 1.52692440382
105 840 0 0.0 nan 1.38866361841 -0.0347871153892 0.0346424384765 0.757738586689 1.53181599945
106 848 0 0.0 nan 1.3782989998 -0.0418166703544 0.0233198250617 0.765138517881 1.55476310651
107 856 0 0.0 nan 1.38644852801 -0.0125816477998 0.0273179829851 0.759280778994 1.53716063922
108 864 0 0.0 nan 1.41531871863 -0.0397360991019 0.0366280358256 0.757751901363 1.55995901064
109 872 0 0.0 nan 1.41133089111 -0.0264506390493 0.0380857778848 0.75952407426 1.5475009368
110 880 0 0.0 nan 1.3836835223 -0.0136864386552 0.0358191197669 0.764120013296 1.54018724982
111 888 0 0.0 nan 1.37011481127 -0.00513412724754 0.031059065861 0.768883902928 1.54107053007
112 896 0 0.0 nan 1.37233785472 0.0224451629785 0.0386089276808 0.766156863185 1.50902087397
113 904 0 0.0 nan 1.33767028454 0.0394607961408 0.0338408946571 0.784021905933 1.49540599222
114 912 0 0.0 nan 1.35668746271 0.0550741969613 0.0469054484944 0.774366401649 1.49267025814
115 920 0 0.0 nan 1.33965969102 0.0787923859582 0.0480381423044 0.757629864634 1.46666243606
116 928 0 0.0 nan 1.38664451625 0.0776934959387 0.0512057594139 0.738453785623 1.49557841299
117 936 0 0.0 nan 1.37103558715 0.0684324015363 0.0533586017645 0.743220617667 1.49651351006
118 944 0 0.0 nan 1.38149524282 0.0870556619754 0.061240805872 0.73590415936 1.47753923702
119 952 0 0.0 nan 1.35798123116 0.0938947034515 0.0592695395665 0.744210545222 1.45929391374
120 960 0 0.0 nan 1.34705455966 0.104427116387 0.0643338392432 0.742217152167 1.42698203511
121 968 0 0.0 nan 1.36127052895 0.0841721939731 0.0610764881804 0.743979078932 1.44489902233
122 976 0 0.0 nan 1.37469873806 0.0543798428586 0.0573947724555 0.745604573217 1.45888505003
123 984 0 0.0 nan 1.35730375852 0.0450684167346 0.0533947773148 0.75601779731 1.45216458186
124 992 0 0.0 nan 1.36563184834 0.0318791889817 0.0496205006279 0.75871821413 1.46684246579
125 1000 0 0.0 nan 1.34433085242 0.0737516280807 0.0613060022387 0.754181505134 1.44559255369
126 1008 0 0.0 nan 1.35017284921 0.0417131917939 0.0526855678123 0.759937532063 1.46434618131
127 1016 0 0.0 nan 1.35342765343 0.0267706162132 0.0492578566102 0.767027442714 1.48459935203
128 1024 0 0.0 nan 1.34893878957 0.0166224759145 0.0487940057781 0.768876408416 1.47782815343
129 1032 0 0.0 nan 1.34548245164 0.0258506617806 0.0518302751543 0.766304932047 1.46383286004
130 1040 0 0.0 nan 1.34398186179 0.0084217004314 0.0482791708743 0.770954775059 1.46359707991
131 1048 0 0.0 nan 1.33226218983 0.0207077807646 0.0511097858266 0.772229876129 1.44952127933
132 1056 0 0.0 nan 1.32509453971 0.0308431102386 0.0483972910278 0.772037608866 1.45419488583
133 1064 0 0.0 nan 1.31795347116 0.0579311093124 0.0521156676629 0.767744338596 1.4427120599
134 1072 0 0.0 nan 1.3213995627 0.0361013457284 0.0509276204458 0.768468291814 1.44104977097
135 1080 0 0.0 nan 1.32988019609 0.0293030365573 0.052940214474 0.76820108616 1.44856552807
136 1088 0 0.0 nan 1.32142215305 0.0158168299677 0.0495580074202 0.776306550717 1.44219204577
137 1096 0 0.0 nan 1.3308389843 0.00148797595547 0.045606123435 0.779490066283 1.45094078767
138 1104 0 0.0 nan 1.33804831705 -0.00252269271746 0.0479925066031 0.777374313192 1.44879227758
139 1112 0 0.0 nan 1.34500224648 -0.010852822754 0.049317643215 0.77720652248 1.45471523439
140 1120 0 0.0 nan 1.34738152333 -0.0286469814588 0.0480659298675 0.78248126688 1.45180034382
141 1128 0 0.0 nan 1.34631319413 -0.0490560338953 0.0442278902212 0.788165208012 1.45134559659
142 1136 0 0.0 nan 1.34655856258 -0.0152108964224 0.0497245899398 0.778588499723 1.44955071919
143 1144 0 0.0 nan 1.34853363919 -0.0106203347889 0.052677051817 0.776994499546 1.45148430951
144 1152 0 0.0 nan 1.35328369523 -0.0307821582984 0.0507404039309 0.781959673235 1.44818861486
145 1160 0 0.0 nan 1.35519514315 -0.0289076413653 0.0536169990641 0.7773169136 1.44450557705
146 1168 0 0.0 nan 1.34743773855 -0.0302710809246 0.0509084554559 0.781629185362 1.44559426458
147 1176 0 0.0 nan 1.36256639289 -0.0325346547732 0.0522211221383 0.777429015844 1.45385228329
148 1184 0 0.0 nan 1.36188152865 -0.0346419450129 0.0507651805196 0.779680682395 1.45219835992
149 1192 0 0.0 nan 1.36581579665 -0.0329540381199 0.0513919485286 0.777435140102 1.45358447974
150 1200 0 0.0 nan 1.36971788397 -0.0434673212947 0.0513596223317 0.778997522442 1.45215038064
151 1208 0 0.0 nan 1.36620620202 -0.045792641196 0.0502388871819 0.782100329711 1.45340664413
152 1216 0 0.0 nan 1.37365006822 -0.0586370923146 0.0499333240916 0.783293630581 1.45710599519
153 1224 0 0.0 nan 1.36596452116 -0.067887716625 0.0470946291034 0.789765155628 1.45599139093
154 1232 0 0.0 nan 1.36209414086 -0.0604707918374 0.0474542511511 0.789359243218 1.4555111846
155 1240 0 0.0 nan 1.36237504587 -0.0689848100187 0.0450539977278 0.792757721904 1.45550361216
156 1248 0 0.0 nan 1.35826754051 -0.066121556994 0.0463367491377 0.793531164329 1.45289961774
157 1256 0 0.0 nan 1.35374069657 -0.0466789217551 0.0486798886991 0.789009245631 1.45260316545
158 1264 0 0.0 nan 1.35470335401 -0.0494191094906 0.0488343799403 0.789130251227 1.45111025045
159 1272 0 0.0 nan 1.34727191757 -0.058195558093 0.0455917642827 0.795510758198 1.45384525681
160 1280 0 0.0 nan 1.34082132969 -0.0600889180729 0.0431627321342 0.799194192991 1.45562280387
161 1288 0 0.0 nan 1.34021987643 -0.0456360269613 0.0459997741521 0.794522452515 1.45145702248
162 1296 0 0.0 nan 1.34940614354 -0.0518029802549 0.0459850319711 0.792101005289 1.45479194165
163 1304 0 0.0 nan 1.34251934607 -0.0526779869331 0.044996237336 0.795398553057 1.44908060894
164 1312 0 0.0 nan 1.34208423542 -0.0490935525305 0.04507929096 0.795342806783 1.44769009427
165 1320 0 0.0 nan 1.33897086 -0.0430147664925 0.0454816660367 0.795091104484 1.44912830372
166 1328 0 0.0 nan 1.34063475901 -0.0368918769299 0.0477578638629 0.792144818505 1.44645229073
167 1336 0 0.0 nan 1.34001831678 -0.0403597549572 0.0481109458254 0.792781428005 1.44202108926
168 1344 0 0.0 nan 1.33563598874 -0.0365109545815 0.0481362947325 0.793381082815 1.4418228487
169 1352 0 0.0 nan 1.33305688666 -0.0399815298134 0.046800538185 0.794947621305 1.4405827463
170 1360 0 0.0 nan 1.32625580728 -0.0399533114622 0.045334608332 0.797274144009 1.43894328536
171 1368 0 0.0 nan 1.32006668033 -0.0411681413405 0.0443781601175 0.79863599345 1.43371152005
172 1376 0 0.0 nan 1.31153936554 -0.0596019348605 0.0395318735832 0.806748136752 1.43279568762
173 1384 0 0.0 nan 1.32137779012 -0.0545677923677 0.040813722578 0.801795987469 1.43771745198
174 1392 0 0.0 nan 1.31532514491 -0.0564339051904 0.0379415440692 0.806034888186 1.43678162288
175 1400 0 0.0 nan 1.31347500156 -0.0636886266708 0.0352286825489 0.810132416168 1.43982563042
176 1408 0 0.0 nan 1.313046747 -0.0636690244204 0.0352080970444 0.81222345366 1.444432765
177 1416 0 0.0 nan 1.32385065776 -0.07043468839 0.0356444674204 0.80884835734 1.44547599155
178 1424 0 0.0 nan 1.32167146798 -0.0557207237932 0.0367113036085 0.803105765654 1.44262263842
179 1432 0 0.0 nan 1.33053021786 -0.0661307627507 0.0397099955986 0.802622538102 1.44282279981
180 1440 0 0.0 nan 1.33241611576 -0.0522815506561 0.0426512507052 0.794291977649 1.43599112454
181 1448 0 0.0 nan 1.34583418405 -0.0428710685631 0.0518720036648 0.77995747693 1.4204263583
182 1456 0 0.0 nan 1.35524766073 -0.0292936176117 0.0563909863725 0.771750121809 1.42754393153
183 1464 0 0.0 nan 1.36200066981 -0.00593051496233 0.0568758004869 0.762771962987 1.44046365985
184 1472 0 0.0 nan 1.38090648887 0.0027821612269 0.0689591009577 0.755581771954 1.42992054235
185 1480 0 0.0 nan 1.36109302716 -0.0041572395064 0.0673831796753 0.763075576379 1.41206425713
186 1488 0 0.0 nan 1.32597606401 0.031586830177 0.0678701970356 0.766444394571 1.39112713215
187 1496 0 0.0 nan 1.31492148348 0.00867661223652 0.0578444973632 0.781767053234 1.39992443755
188 1504 0 0.0 nan 1.31830758843 0.00378876976531 0.0570717802994 0.783282066335 1.39106622888
189 1512 0 0.0 nan 1.3402009143 -0.0361841229007 0.0549446078942 0.787185437365 1.40252548909
190 1520 0 0.0 nan 1.37204967149 -0.0451958297015 0.0590919030651 0.779194205526 1.42460281618
191 1528 0 0.0 nan 1.38928012202 -0.0225635291715 0.0665996783974 0.764782684192 1.42796422713
192 1536 0 0.0 nan 1.41475870409 -0.0366618966058 0.0625814673806 0.759155485195 1.45467207077
193 1544 0 0.0 nan 1.37172874012 -0.00944396986133 0.063549175866 0.764376483649 1.42600843586
194 1552 0 0.0 nan 1.32656077825 0.0229966897883 0.0605598342973 0.768397290408 1.40380836434
195 1560 0 0.0 nan 1.28358745791 -0.00232816871655 0.0460558565202 0.79788173014 1.39451517105
196 1568 0 0.0 nan 1.31268742913 -0.0168926614449 0.0517633550637 0.789473624108 1.39116364125
197 1576 0 0.0 nan 1.30174522677 0.00845181270537 0.0574202698114 0.783289077316 1.37527838041
198 1584 0 0.0 nan 1.28721325574 0.0309306706007 0.0621459898336 0.782272939542 1.35786624569
199 1592 0 0.0 nan 1.26606974058 0.0271132779082 0.0560264107468 0.791052347772 1.35398822531
200 1600 0 0.0 nan 1.25786555611 0.0392413196187 0.0542331535227 0.793438970382 1.36572119857
201 1608 0 0.0 nan 1.25951453915 0.0136538403142 0.0490709477984 0.799222378503 1.3682769894
202 1616 0 0.0 nan 1.24419747918 0.0193424248373 0.0484299930806 0.803383340316 1.35552454331
203 1624 0 0.0 nan 1.22286394783 0.0520373391376 0.0491532169295 0.795634792348 1.34905372377
204 1632 0 0.0 nan 1.19283390044 0.076085199894 0.0463474341562 0.797357116544 1.33859407793
205 1640 0 0.0 nan 1.1953276154 0.0946394115621 0.047532615316 0.791894486886 1.34956068655
206 1648 0 0.0 nan 1.18575447727 0.10288551933 0.0497891430849 0.788555475298 1.33161992998
207 1656 0 0.0 nan 1.19750097962 0.100942029356 0.0456410536792 0.787179230994 1.35237522053
208 1664 0 0.0 nan 1.18119243179 0.0772085015573 0.0361287408464 0.809093212278 1.36049657
209 1672 0 0.0 nan 1.20161326276 0.0482070820917 0.0360805645025 0.811181053326 1.3732373968
210 1680 0 0.0 nan 1.2498675849 0.0579041588404 0.046624561786 0.787765481473 1.39626988536
211 1688 0 0.0 nan 1.29183986181 0.0243217043606 0.0476493157074 0.787382555102 1.42017399756
212 1696 0 0.0 nan 1.30395975069 2.51915994515e-05 0.0436280887527 0.794737561087 1.43665643985
213 1704 0 0.0 nan 1.33469084625 0.0035789311471 0.0473630488809 0.782189284348 1.46184112915
214 1712 0 0.0 nan 1.31557826971 0.0516676999169 0.0533701393744 0.769245296626 1.44404016077
215 1720 0 0.0 nan 1.30389690278 0.0716050722018 0.0498729619161 0.765348731472 1.4517304565
216 1728 0 0.0 nan 1.35818894769 0.0287185201004 0.0538244674504 0.760430640276 1.4750620632
217 1736 0 0.0 nan 1.38388647376 0.0196666316902 0.0560926212132 0.752609049053 1.49155952038
218 1744 0 0.0 nan 1.38386122197 0.00956979449576 0.0505955917694 0.757242856385 1.50255787955
219 1752 0 0.0 nan 1.42623895005 -0.000101072860769 0.0541422132087 0.748330994868 1.53181544434
220 1760 0 0.0 nan 1.43093115001 -0.0192813952224 0.0509502244616 0.756225233375 1.5407334038
221 1768 0 0.0 nan 1.37818717434 0.0145320429328 0.0480769192444 0.760727156375 1.50865727227
222 1776 0 0.0 nan 1.34148954905 0.0357334913456 0.0452129349553 0.76380787718 1.48819619465
223 1784 0 0.0 nan 1.33231175223 0.0298707864814 0.0418803518782 0.768575390444 1.48980089702
224 1792 0 0.0 nan 1.3356286384 0.0216935701765 0.0409219540735 0.770070608943 1.4869101111
225 1800 0 0.0 nan 1.3251280073 0.0291430267784 0.041210171016 0.767942570471 1.47823390868
226 1808 0 0.0 nan 1.334047564 0.0208215658603 0.0378298940392 0.771173987487 1.49507272899
227 1816 0 0.0 nan 1.33263542852 0.0150813715943 0.0338961411766 0.776995472626 1.50475580264
228 1824 0 0.0 nan 1.33289043466 0.0150890576767 0.036573185137 0.774586405327 1.49638422591
229 1832 0 0.0 nan 1.32692008252 0.0164897938098 0.0368507302879 0.773996054962 1.48816283881
230 1840 0 0.0 nan 1.32441995585 0.0195756643348 0.038736322665 0.771755499734 1.48217756181
231 1848 0 0.0 nan 1.31840155691 0.0363286276384 0.0443102604087 0.765389576233 1.46619369599
232 1856 0 0.0 nan 1.29698541592 0.0431852433541 0.0405379656148 0.771447320287 1.45773268967
233 1864 0 0.0 nan 1.30501477057 0.0459572324876 0.0431084159012 0.76758203851 1.46322098488
234 1872 0 0.0 nan 1.28136640955 0.063158892869 0.0406873274193 0.769520453568 1.45577598514
235 1880 0 0.0 nan 1.26287372707 0.0731148758829 0.0394123892598 0.771970525132 1.44523547118
236 1888 0 0.0 nan 1.26470230193 0.0731868394566 0.0403698869617 0.770357043546 1.43882743469
237 1896 0 0.0 nan 1.26313362544 0.0743266526097 0.0393313743295 0.771697031592 1.43953997418
238 1904 0 0.0 nan 1.25071666609 0.0763650578327 0.0372878210987 0.777604343918 1.43453092828
239 1912 0 0.0 nan 1.24505706221 0.0653102293921 0.0354726779137 0.782845355262 1.43044210157
240 1920 0 0.0 nan 1.27105825058 0.0403475535768 0.035739028839 0.783593516043 1.44801097274
241 1928 0 0.0 nan 1.24067354199 0.07495588521 0.0362163290133 0.78311045416 1.43118648719
242 1936 0 0.0 nan 1.23550485171 0.0616534199426 0.0307186330326 0.79165262733 1.43298172476
243 1944 0 0.0 nan 1.26883937706 0.0483466601967 0.0376730958468 0.780740833843 1.43693997362
244 1952 0 0.0 nan 1.23936508693 0.064226600918 0.0374277891976 0.786044466659 1.41619636594
245 1960 0 0.0 nan 1.24604196639 0.0455338563126 0.0305639124409 0.797225290605 1.43910070719
246 1968 0 0.0 nan 1.27126162926 0.0179351672381 0.0270245195082 0.804107541335 1.46617405104
247 1976 0 0.0 nan 1.27062027774 0.00260328450189 0.0229829731554 0.810018198579 1.46723001016
248 1984 0 0.0 nan 1.28058185895 -0.0132122939861 0.019393904564 0.813266616636 1.47311240436
249 1992 0 0.0 nan 1.28932012843 0.00193755268287 0.0271684844732 0.799914746309 1.46495411148
250 2000 0 0.0 nan 1.29776225838 -0.00487765051414 0.0274931756546 0.799836490396 1.46454532217
251 2008 0 0.0 nan 1.31247895221 -0.0111775708874 0.0319660669998 0.798024378582 1.46252297086
252 2016 0 0.0 nan 1.27326009196 0.0449004343515 0.0384160634632 0.781930769602 1.42844331879
253 2024 0 0.0 nan 1.25810695555 0.0617094677554 0.0435924507407 0.774633187435 1.40302162466
254 2032 0 0.0 nan 1.26960550784 0.0540021171226 0.0485039228382 0.767199953583 1.39055943468
255 2040 0 0.0 nan 1.25846049082 0.101738477972 0.0552250406475 0.751896843322 1.3790612688
256 2048 0 0.0 nan 1.26063059185 0.0740879319059 0.0456021513401 0.767402365931 1.40299605262
257 2056 0 0.0 nan 1.2834650913 0.040470848526 0.0445992784031 0.773868283228 1.40801840642
258 2064 0 0.0 nan 1.27248424648 0.049109355527 0.0423339283711 0.774265350937 1.40439358054
259 2072 0 0.0 nan 1.23970122574 0.0883399128104 0.0462683425323 0.768966847526 1.38174734265
260 2080 0 0.0 nan 1.23892269825 0.0925244602827 0.0432443405452 0.771304651672 1.39680594626
261 2088 0 0.0 nan 1.23738281147 0.0803862109786 0.0426980220561 0.775508589552 1.38771945282
262 2096 0 0.0 nan 1.2440918396 0.0812518594802 0.0455183798933 0.772315340795 1.38570390369
263 2104 0 0.0 nan 1.23111382395 0.0928842044228 0.0434520047307 0.775278433136 1.38777036555
264 2112 0 0.0 nan 1.23923916789 0.0927774558221 0.0439824728053 0.77267840823 1.39788883886
265 2120 0 0.0 nan 1.232970259 0.102823968609 0.0413212436691 0.775828011329 1.40899002167
266 2128 0 0.0 nan 1.25520536606 0.0923932014104 0.0428993816931 0.771527662089 1.42076112651
267 2136 0 0.0 nan 1.29293301152 0.0471928633179 0.0423927957801 0.775041365603 1.4374926041
268 2144 0 0.0 nan 1.31171280173 0.0363121468876 0.0434861845845 0.772136187877 1.45009879484
269 2152 0 0.0 nan 1.34847464996 0.0239102837406 0.0505173611885 0.761396907435 1.45511558005
270 2160 0 0.0 nan 1.37269460635 -0.00245213803749 0.0487911554948 0.764406995496 1.47218125941
271 2168 0 0.0 nan 1.42029567738 -0.0257007528437 0.0515027282337 0.760166713176 1.49885149914
272 2176 0 0.0 nan 1.37646066152 0.0212058027295 0.0621113332696 0.746427405758 1.44196748338
273 2184 0 0.0 nan 1.41165825177 -0.0386292721169 0.0517150214579 0.766113952138 1.48760636431
274 2192 0 0.0 nan 1.47670324051 -0.0937314779641 0.0579784922104 0.759382839858 1.50482865371
275 2200 0 0.0 nan 1.50842384078 -0.120882568852 0.0517778117877 0.763554290925 1.54898086148
276 2208 0 0.0 nan 1.55179949463 -0.165769509329 0.0440395334812 0.775509153866 1.60111421629
277 2216 0 0.0 nan 1.53639551152 -0.15350722879 0.0488360658031 0.770687257296 1.57079994944
278 2224 0 0.0 nan 1.47923100787 -0.0729494436608 0.0493925780902 0.762063283508 1.55993888264
279 2232 0 0.0 nan 1.45165164167 -0.0398655767131 0.049541042696 0.756831743675 1.54413684556
280 2240 0 0.0 nan 1.46612489203 -0.0558645522362 0.0391726450735 0.77101365548 1.59180782135
281 2248 0 0.0 nan 1.47861302438 -0.0662698565435 0.0373319595659 0.772162786536 1.59964437408
282 2256 0 0.0 nan 1.48626629421 -0.0557151664762 0.0397393581571 0.766536123897 1.61150958707
283 2264 0 0.0 nan 1.4515521525 -0.0436244678241 0.0406511032286 0.770041205584 1.5741645781
284 2272 0 0.0 nan 1.42834085904 -0.025654531182 0.0471529282733 0.764220249439 1.53037292681
285 2280 0 0.0 nan 1.38777567929 0.0139010527955 0.0557423994179 0.754690132728 1.46782356357
286 2288 0 0.0 nan 1.44614928207 -0.0171928790436 0.0494979004821 0.75522673681 1.54302944684
287 2296 0 0.0 nan 1.43799330723 -0.0188269951847 0.0515651722559 0.755438492451 1.52015714973
288 2304 0 0.0 nan 1.49398747151 -0.0568791920323 0.0549299242779 0.746722273987 1.54531549217
289 2312 0 0.0 nan 1.49224709212 -0.0498717184364 0.056663020352 0.743878490227 1.54273949595
290 2320 0 0.0 nan 1.54610924546 -0.0834028703703 0.0565710478304 0.74398381952 1.58612683141
291 2328 0 0.0 nan 1.50364137413 -0.0643119715312 0.0526123283417 0.753166030567 1.56848245825
292 2336 0 0.0 nan 1.51428150256 -0.0773605536194 0.0579831027513 0.747416192807 1.55347214995
293 2344 0 0.0 nan 1.48646713638 -0.075897912074 0.0552543285663 0.756511194918 1.53489142222
294 2352 0 0.0 nan 1.51871271765 -0.0935549481991 0.0541231823298 0.755124201523 1.57126667017
295 2360 0 0.0 nan 1.48729215882 -0.0770757570005 0.0550939615606 0.754294716052 1.5452829827
296 2368 0 0.0 nan 1.46372296271 -0.0574650567051 0.0626297010209 0.747319395182 1.48969328763
297 2376 0 0.0 nan 1.46377300522 -0.0727944294523 0.058122971695 0.753861150066 1.49915479635
298 2384 0 0.0 nan 1.46442993716 -0.0839690144915 0.056350139361 0.757009776213 1.49176501381
299 2392 0 0.0 nan 1.47127170022 -0.0658653330652 0.057405682399 0.748948039122 1.50572106191
300 2400 0 0.0 nan 1.48645944611 -0.0803016609868 0.055647332695 0.750116041176 1.51842551941
301 2408 0 0.0 nan 1.41143266562 -0.00648042384561 0.0631500997947 0.741902635718 1.44739944832
302 2416 0 0.0 nan 1.41599017699 -0.0116546718693 0.0573005925118 0.750525668379 1.47532139272
303 2424 0 0.0 nan 1.37318482481 0.0316719882692 0.0522660071762 0.753270820108 1.47630406732
304 2432 0 0.0 nan 1.42691982324 -0.00793481380381 0.0516061855641 0.755932789346 1.51818864155
305 2440 0 0.0 nan 1.42739372189 -0.0061435547483 0.050242737729 0.756619354291 1.53320203841
306 2448 0 0.0 nan 1.42445897997 -0.0324348461134 0.0352785350185 0.783915014756 1.57871775062
307 2456 0 0.0 nan 1.43085065712 -0.00430430140251 0.0476792225463 0.762970014529 1.54744284461
308 2464 0 0.0 nan 1.38182706324 0.0241676041461 0.0386175980545 0.775528119022 1.55143840936
309 2472 0 0.0 nan 1.36002777703 0.0551991146655 0.0420439732755 0.769982079546 1.53345371673
310 2480 0 0.0 nan 1.32527411599 0.0808384455832 0.0410845176219 0.774450390613 1.51777516044
311 2488 0 0.0 nan 1.37337685439 0.0664270691338 0.0380746804536 0.772043332047 1.57931640065
312 2496 0 0.0 nan 1.36267806476 0.0818448383551 0.0414788975988 0.772942665237 1.56206870344
313 2504 0 0.0 nan 1.36004251312 0.089301978465 0.0492897591715 0.767955551239 1.53180020675
314 2512 0 0.0 nan 1.40701177693 0.0751564634846 0.0559793826188 0.751732239257 1.54008311433
315 2520 0 0.0 nan 1.46460597186 -0.0172743574115 0.0447491390911 0.770166777569 1.59049925002
316 2528 0 0.0 nan 1.45710409753 -0.0113314922595 0.0394327284254 0.769708948072 1.60462693825
317 2536 0 0.0 nan 1.4699177739 -0.0123926511482 0.0304563799434 0.77874435766 1.66375781385
318 2544 0 0.0 nan 1.48650166472 -0.01104264153 0.0276659714968 0.772353124462 1.69000271908
319 2552 0 0.0 nan 1.52321940261 -0.0220071520714 0.0344781750013 0.757383854176 1.69355631376
320 2560 0 0.0 nan 1.45089386348 0.0288184341779 0.035501347493 0.760822529909 1.63240479702
321 2568 0 0.0 nan 1.48738156292 -0.020471264429 0.0314416302096 0.771351569193 1.66228859605
322 2576 0 0.0 nan 1.46723715369 0.0260343890332 0.040286576221 0.759929924888 1.6297965942
323 2584 0 0.0 nan 1.41145087599 0.0737870088407 0.0306669221144 0.774518715184 1.63859970725
324 2592 0 0.0 nan 1.45465932992 0.0840168569575 0.0346513754897 0.757447075077 1.67615467929
325 2600 0 0.0 nan 1.4312647776 0.10484619926 0.0320991991973 0.75694579229 1.67219169294
326 2608 0 0.0 nan 1.47183575202 0.0766045434404 0.0254261644061 0.754967816973 1.72482609089
327 2616 0 0.0 nan 1.48793194415 0.0575050507757 0.0142630396792 0.760123859505 1.77379700566
328 2624 0 0.0 nan 1.58066656157 -0.0302774785987 0.0111223172085 0.757157972941 1.8456064585
329 2632 0 0.0 nan 1.6795240872 -0.143780473476 0.0102993964039 0.75914062088 1.89276819968
330 2640 0 0.0 nan 1.6505105662 -0.125195978578 0.00623617037308 0.769161799527 1.90250900472
331 2648 0 0.0 nan 1.5960291845 -0.100525849714 0.0143509415169 0.77062937198 1.8399960847
332 2656 0 0.0 nan 1.60410486281 -0.0326893512987 0.0241934759667 0.743718675337 1.84819364955
333 2664 0 0.0 nan 1.52243077289 0.102779829769 0.0420845567322 0.712773734917 1.76392181332
334 2672 0 0.0 nan 1.52501715783 0.142075948013 0.0454394613566 0.691694818972 1.78460362319
335 2680 0 0.0 nan 1.63254477461 -0.00306677137538 0.0258936072239 0.705303342865 1.92370337914
336 2688 0 0.0 nan 1.54267464904 0.0645276543127 0.057799875845 0.704619800012 1.75694670433
337 2696 0 0.0 nan 1.52457301824 -0.0213522554503 0.0730317602893 0.7170418988 1.61448139923
338 2704 0 0.0 nan 1.46286001657 -0.0294709191334 0.080741906855 0.74016631654 1.54446965917
339 2712 0 0.0 nan 1.50987280107 -0.0188505756477 0.094184359707 0.684366326288 1.56266407952
340 2720 0 0.0 nan 1.48349853846 0.0322672934431 0.0931818505508 0.670798389517 1.54192966128
341 2728 0 0.0 nan 1.41278557769 0.265091446797 0.105605570034 0.610514388291 1.53444511161
342 2736 0 0.0 nan 1.41272362078 0.201133071078 0.083562414979 0.658856837864 1.60444717587
343 2744 0 0.0 nan 1.44875641761 0.133285959938 0.092758255935 0.662755668916 1.57070615144
344 2752 0 0.0 nan 1.5242825588 0.0143980470393 0.0901949667104 0.691638324574 1.60264958241
345 2760 0 0.0 nan 1.51396404718 -0.0309166091792 0.11740804227 0.682708748157 1.48795255709
346 2768 0 0.0 nan 1.48839833328 -0.0747019640238 0.123593741245 0.695925412331 1.42672081999
347 2776 0 0.0 nan 1.54962497881 -0.0841812825474 0.0943864389726 0.699533554906 1.57033324993
348 2784 0 0.0 nan 1.4411789871 -0.0670517195362 0.0944381425591 0.736354930831 1.47186542645
349 2792 0 0.0 nan 1.45050384053 -0.0811218397267 0.0737692031922 0.750674004934 1.54473872672
350 2800 0 0.0 nan 1.43948277688 -0.140537160114 0.0637225540328 0.793353119446 1.52893964439
351 2808 0 0.0 nan 1.47695771202 -0.0644478864266 0.0544530518964 0.760503819936 1.62812932342
352 2816 0 0.0 nan 1.4338151147 -0.00610392242965 0.0595637345393 0.745180454339 1.60355920002
353 2824 0 0.0 nan 1.35423286589 0.0894223778541 0.0637771478391 0.749615615816 1.561352984
354 2832 0 0.0 nan 1.41751331233 0.0725894120921 0.0624205589527 0.718951006977 1.60146183609
355 2840 0 0.0 nan 1.42803635121 0.111126897257 0.0570368741012 0.698229892894 1.64121157151
356 2848 0 0.0 nan 1.49036282121 0.0113108184272 0.0530319543935 0.724576835457 1.66456418568
357 2856 0 0.0 nan 1.56674935398 -0.0104441788745 0.0521591399836 0.70270398587 1.73104641201
358 2864 0 0.0 nan 1.61011576948 0.00456767656752 0.0262588031541 0.692740213283 1.87704683748
359 2872 0 0.0 nan 1.64884628025 -0.0343720757948 0.023693722348 0.69565976818 1.90883423556
360 2880 0 0.0 nan 1.73075827725 -0.135715555954 0.0123484580099 0.717241106058 1.99337189273
361 2888 0 0.0 nan 1.70917664867 -0.181704193477 0.0265110559535 0.736045749827 1.91207719581
362 2896 0 0.0 nan 1.65728137524 -0.0815266832264 0.0256559738061 0.721848868703 1.91418375638
363 2904 0 0.0 nan 1.63753860998 -0.062593386186 0.0036689618705 0.743236088972 1.98089160273
364 2912 0 0.0 nan 1.60042848213 -0.0194635151175 0.00169602646608 0.744521086239 1.97466505049
365 2920 0 0.0 nan 1.65853733056 -0.102655588321 0.0026007423792 0.743352824822 1.99857240411
366 2928 0 0.0 nan 1.67051578937 -0.0682394239291 0.00311283968394 0.727802121448 2.02285042356
367 2936 0 0.0 nan 1.62695646356 -0.0762517336869 0.0183277351192 0.739412077883 1.91643369609
368 2944 0 0.0 nan 1.6311646579 -0.0751446123899 0.0216493359529 0.727620787253 1.90728041879
369 2952 0 0.0 nan 1.57985222836 -0.0497119731182 0.0255520448653 0.730720175298 1.84294684419
370 2960 0 0.0 nan 1.55896043779 -0.0447644028111 0.0265822000925 0.74213791742 1.83341768311
371 2968 0 0.0 nan 1.57822275809 -0.0801939176534 0.0276555008907 0.745648112776 1.82968447728
372 2976 0 0.0 nan 1.61729699686 -0.122134383628 0.0193541400334 0.752908979713 1.88484066633
373 2984 0 0.0 nan 1.62461899617 -0.156660525129 0.025657483035 0.755519071717 1.85122528982
374 2992 0 0.0 nan 1.6534158746 -0.156124953553 0.0293086332585 0.747764401956 1.86897979434
375 3000 0 0.0 nan 1.62342007712 -0.132916980343 0.0236623616172 0.752149287663 1.86207572211
376 3008 0 0.0 nan 1.60015500865 -0.11974868031 0.0201619821754 0.757035164887 1.86065964642
377 3016 0 0.0 nan 1.6450032489 -0.15667259237 0.0138647967687 0.758506421012 1.91136881886
378 3024 0 0.0 nan 1.65547181549 -0.152338477116 0.01017222864 0.755155959788 1.93726068736
379 3032 0 0.0 nan 1.66186405096 -0.167462459039 0.0105239726314 0.764486754856 1.93771008731
380 3040 0 0.0 nan 1.64136326209 -0.149022920329 0.0141596795845 0.763042088567 1.9175324525
381 3048 0 0.0 nan 1.62813173136 -0.14062514409 0.01943613291 0.762057552212 1.88710176486
382 3056 0 0.0 nan 1.61588361864 -0.126513348402 0.012725808176 0.76445048411 1.90325066983
383 3064 0 0.0 nan 1.6087459692 -0.138138432758 0.0214629360409 0.766674585498 1.85965244765
384 3072 0 0.0 nan 1.60089885869 -0.123324424164 0.0242608662889 0.766966156322 1.84739395386
385 3080 0 0.0 nan 1.5795156516 -0.108992107507 0.0271052919507 0.768730871605 1.81912271924
386 3088 0 0.0 nan 1.59272669195 -0.120581728101 0.027621491003 0.765079290654 1.82868748908
387 3096 0 0.0 nan 1.55848776027 -0.109053005132 0.0285939700234 0.771280777583 1.79414813488
388 3104 0 0.0 nan 1.56786602043 -0.128863794209 0.0325869449769 0.777231556236 1.78159725326
389 3112 0 0.0 nan 1.59351897639 -0.154532835452 0.0336717636339 0.777102928451 1.79127046618
390 3120 0 0.0 nan 1.56590211626 -0.144698763435 0.031862966987 0.786378835313 1.77014531496
391 3128 0 0.0 nan 1.56216907431 -0.141637190546 0.0394939764993 0.781071392723 1.74123461546
392 3136 0 0.0 nan 1.55992124597 -0.120007060545 0.0372532846844 0.773362887703 1.75661671746
393 3144 0 0.0 nan 1.5889290868 -0.140021065692 0.0378409793525 0.772845060597 1.77492389752
394 3152 0 0.0 nan 1.596139573 -0.143164761866 0.0406034191359 0.771020299304 1.76956190595
395 3160 0 0.0 nan 1.59238798074 -0.153646596479 0.0405515433813 0.776136627393 1.76309668479
396 3168 0 0.0 nan 1.599506435 -0.150433338755 0.0368763225555 0.775792192247 1.78362241245
397 3176 0 0.0 nan 1.60253567953 -0.14540364462 0.0355613936432 0.773663016155 1.79249720551
398 3184 0 0.0 nan 1.59858652026 -0.14695863009 0.0392504914738 0.773068872834 1.77483610033
399 3192 0 0.0 nan 1.58705906738 -0.127859474221 0.0394449202158 0.769480753241 1.77154966196
400 3200 0 0.0 nan 1.60074883991 -0.138308062045 0.0334326423884 0.771509175516 1.80367140296
401 3208 0 0.0 nan 1.60230169639 -0.136353982179 0.0292382812141 0.773597942532 1.81948592244
402 3216 0 0.0 nan 1.58689941406 -0.120306923298 0.0310709130365 0.771714772855 1.80218840122
403 3224 0 0.0 nan 1.56482772617 -0.106451379842 0.036173944618 0.771516562954 1.76672493103
404 3232 0 0.0 nan 1.56428379244 -0.0993720891294 0.0360745788913 0.767331953564 1.77142200028
405 3240 0 0.0 nan 1.55020016355 -0.0834326572585 0.034710498159 0.766904128549 1.77040993327
406 3248 0 0.0 nan 1.54562976682 -0.07315790978 0.034103812929 0.766195425623 1.77181756888
407 3256 0 0.0 nan 1.55140381122 -0.0782489260038 0.0312248388051 0.766660992127 1.78775031593
408 3264 0 0.0 nan 1.53781247876 -0.0614037551556 0.0337681386803 0.764850780096 1.77159130547
409 3272 0 0.0 nan 1.53696199603 -0.0673296739682 0.0375499704288 0.766413941521 1.75294401328
410 3280 0 0.0 nan 1.52998239952 -0.0624658075794 0.0377775292952 0.766557249518 1.74584804636
411 3288 0 0.0 nan 1.52457152736 -0.0565870845499 0.0350767532712 0.76721987371 1.75180612255
412 3296 0 0.0 nan 1.51929855243 -0.0562226768177 0.0367837458648 0.768426369942 1.740811067
413 3304 0 0.0 nan 1.51728000215 -0.0563223590473 0.039527360233 0.767093911725 1.73224634617
414 3312 0 0.0 nan 1.52627262603 -0.0725022943093 0.039455190123 0.769013567515 1.73571131902
415 3320 0 0.0 nan 1.53687123954 -0.0854043549777 0.0380122619855 0.771991651909 1.74864963054
416 3328 0 0.0 nan 1.54587918245 -0.087947283971 0.03859390596 0.768515243222 1.75414613706
417 3336 0 0.0 nan 1.569240019 -0.107345168439 0.0375818715736 0.768392083393 1.77443018969
418 3344 0 0.0 nan 1.57663422212 -0.111063597284 0.0313953060446 0.769325364216 1.79778487283
419 3352 0 0.0 nan 1.59702016599 -0.113638949979 0.0245392454744 0.765081072669 1.84549959948
420 3360 0 0.0 nan 1.57803189924 -0.0907469508258 0.0299102554053 0.759573241918 1.81409958462
421 3368 0 0.0 nan 1.5844313307 -0.0803261481641 0.0181477095848 0.758345762521 1.86624146977
422 3376 0 0.0 nan 1.56611104042 -0.0669344909717 0.0224968851693 0.755693451047 1.84168258515
423 3384 0 0.0 nan 1.55396464234 -0.0604277216381 0.0291522960344 0.753537538646 1.81367143589
424 3392 0 0.0 nan 1.55933967378 -0.0444061123209 0.0205455005095 0.74612766048 1.86149310561
425 3400 0 0.0 nan 1.55543425196 -0.0572034252959 0.0214364256341 0.75609818441 1.84231952509
426 3408 0 0.0 nan 1.55096282985 -0.0592719862059 0.0264971819666 0.753768577504 1.82252648408
427 3416 0 0.0 nan 1.52485202504 -0.0454980142996 0.0281106049346 0.759026343377 1.79401624963
428 3424 0 0.0 nan 1.53072566212 -0.0472363060774 0.0252130969387 0.761385119523 1.80948870244
429 3432 0 0.0 nan 1.51987551059 -0.0262786261275 0.0233299446762 0.757753425925 1.81622378144
430 3440 0 0.0 nan 1.53134764035 -0.0205931241044 0.0144801878141 0.7539267945 1.86208509302
431 3448 0 0.0 nan 1.57477615932 -0.0427573747487 0.0076124627613 0.749944535045 1.9197996692
432 3456 0 0.0 nan 1.57063084451 -0.0166626638311 -0.00166689124589 0.743806652938 1.96198678599
433 3464 0 0.0 nan 1.57492631762 -0.0255354117443 -0.00197524862833 0.749395633521 1.96396368683
434 3472 0 0.0 nan 1.5526893837 -0.0110913088421 0.0015835286551 0.750716572099 1.93170689401
435 3480 0 0.0 nan 1.5344531399 -0.0242936232641 0.00773857278126 0.761414199228 1.88533425978
436 3488 0 0.0 nan 1.55081872781 -0.0411844870205 0.014621036312 0.757654488667 1.87364202453
437 3496 0 0.0 nan 1.55773021326 -0.0606649208814 0.0189546233594 0.762907331186 1.85237666433
438 3504 0 0.0 nan 1.55136818405 -0.0556666762245 0.0242239821894 0.759414942619 1.83019802552
439 3512 0 0.0 nan 1.54177438737 -0.0256814230433 0.0201734506207 0.754831534043 1.84703134701
440 3520 0 0.0 nan 1.56736689988 -0.0309373924228 0.0140943220393 0.750260918804 1.89668970043
441 3528 0 0.0 nan 1.56958444134 -0.0555086809553 0.0280195958903 0.752127442025 1.8406723474
442 3536 0 0.0 nan 1.55985652597 -0.0333170865977 0.028161264861 0.747394274054 1.84681118013
443 3544 0 0.0 nan 1.57613901679 -0.0727913223053 0.0278631580399 0.754634910435 1.85026722903
444 3552 0 0.0 nan 1.60803167935 -0.158227427072 0.0429343348341 0.769877646759 1.78870373097
445 3560 0 0.0 nan 1.60326503507 -0.143579463688 0.0302259590819 0.770061348313 1.83333131552
446 3568 0 0.0 nan 1.5885275013 -0.0930321572918 0.00966530558555 0.760817468156 1.92030878786
447 3576 0 0.0 nan 1.61554556051 -0.0895250410018 -0.00126506986677 0.749087546068 1.99454041386
448 3584 0 0.0 nan 1.63470014115 -0.103144378787 0.00241905567377 0.750667226172 1.99460638307
449 3592 0 0.0 nan 1.62237848838 -0.0761714035353 0.00139064780069 0.746922134232 1.99341515644
450 3600 0 0.0 nan 1.62026034328 -0.0937636386617 -0.000238976464216 0.754993321254 1.9940395973
451 3608 0 0.0 nan 1.58888102648 -0.0822650767031 0.0101916860873 0.761147263035 1.92540513003
452 3616 0 0.0 nan 1.57951295092 -0.0671187151261 0.00853507909716 0.757133666249 1.93404996397
453 3624 0 0.0 nan 1.58109910879 -0.0202195672257 -0.00780277644475 0.745095006792 2.02088772799
454 3632 0 0.0 nan 1.58556168788 -0.0591222040156 -0.0039648001969 0.760089521995 1.98395872822
455 3640 0 0.0 nan 1.59594039127 -0.0451393429839 -0.020973197145 0.756767557573 2.0621649406
456 3648 0 0.0 nan 1.59217636871 -0.030247398542 -0.0223093847062 0.757235488432 2.06590038369
457 3656 0 0.0 nan 1.57147275617 -0.00656521385009 -0.0264043640679 0.759038894593 2.06496663157
458 3664 0 0.0 nan 1.59779725154 -0.00583430489742 -0.0422004014721 0.755880982793 2.15239427168
459 3672 0 0.0 nan 1.58109875986 0.0176509002679 -0.0502141829205 0.760653883025 2.1695349229
460 3680 0 0.0 nan 1.55087388555 0.0385989674929 -0.0348598344382 0.756065977232 2.09827184132
461 3688 0 0.0 nan 1.56453440931 0.0244752869765 -0.0451119848415 0.761918916323 2.13401684833
462 3696 0 0.0 nan 1.59376840093 0.0268255270307 -0.0611500121751 0.756774817446 2.22946862269
463 3704 0 0.0 nan 1.59991427576 0.0182405811057 -0.061472620443 0.75722447636 2.23036818291
464 3712 0 0.0 nan 1.61044625638 -0.00256189425793 -0.0429169610318 0.753551048738 2.16750532312
465 3720 0 0.0 nan 1.63231163734 -0.0323817961175 -0.0365097944509 0.755873739742 2.15281986507
466 3728 0 0.0 nan 1.61990749743 -0.0153293075415 -0.0436586916545 0.758893217979 2.1704333334
467 3736 0 0.0 nan 1.62806572836 -0.0289437469656 -0.0436377486449 0.758054612226 2.17737882019
468 3744 0 0.0 nan 1.63382304206 -0.0332550603045 -0.045523371771 0.758932489325 2.18540772089
469 3752 0 0.0 nan 1.64006792823 -0.0225010166835 -0.0594617938906 0.758282469755 2.24296912584
470 3760 0 0.0 nan 1.6500151571 -0.0370059563411 -0.0559323311167 0.763091973097 2.23101042928
471 3768 0 0.0 nan 1.62454323863 -0.0138087848545 -0.0547574704441 0.765792587026 2.20734201842
472 3776 0 0.0 nan 1.63351043105 0.00950130527948 -0.0683281415248 0.76281998409 2.27487869818
473 3784 0 0.0 nan 1.64210277063 0.0111162414703 -0.0789605270751 0.758654359375 2.32463888521
474 3792 0 0.0 nan 1.63415397511 0.000502500939529 -0.0634183717258 0.756779453148 2.26736436163
475 3800 0 0.0 nan 1.63869941433 -0.0139172127384 -0.0498705061709 0.757525620443 2.21572714358
476 3808 0 0.0 nan 1.61707410259 -0.00576966821213 -0.0533107683058 0.761189796831 2.21121870945
477 3816 0 0.0 nan 1.60407922164 -0.00601514062174 -0.0500185309233 0.764085242507 2.18127693819
478 3824 0 0.0 nan 1.60954682321 -0.00612200892016 -0.0553724625974 0.764106509477 2.20585285872
479 3832 0 0.0 nan 1.60091516538 0.00532983012022 -0.0576315476451 0.766627180159 2.20492389543
480 3840 0 0.0 nan 1.6100918841 0.013259629744 -0.0736323188688 0.766836107784 2.27324204976
481 3848 0 0.0 nan 1.60915630919 -0.00848139539678 -0.0602631467022 0.767802050363 2.22033057841
482 3856 0 0.0 nan 1.60608761264 -0.00923856108851 -0.061390550924 0.7724640234 2.21414847492
483 3864 0 0.0 nan 1.59928031172 -0.0132009697363 -0.056496229439 0.773553989354 2.18796289164
484 3872 0 0.0 nan 1.60854740245 -0.0167291397858 -0.0620248948703 0.772471846834 2.21512479168
485 3880 0 0.0 nan 1.62545534144 -0.0320148546014 -0.059526798605 0.770719893642 2.21755955747
486 3888 0 0.0 nan 1.62878485628 -0.0336458018747 -0.0601736900358 0.770909731857 2.22557743731
487 3896 0 0.0 nan 1.61970545127 -0.0351654431738 -0.0527595236789 0.77092698287 2.18821583295
488 3904 0 0.0 nan 1.63137943224 -0.0447074779671 -0.05199455901 0.769972197752 2.19490183678
489 3912 0 0.0 nan 1.644101003 -0.0543442255384 -0.0496789569542 0.767727576049 2.19672429014
490 3920 0 0.0 nan 1.66047273134 -0.0695601516774 -0.043296609662 0.76351859376 2.18650894681
491 3928 0 0.0 nan 1.66500786602 -0.0729966336209 -0.0439110307361 0.764536830264 2.18637133536
492 3936 0 0.0 nan 1.66514427224 -0.0738039572348 -0.0342998112101 0.760001219748 2.15707943433
493 3944 0 0.0 nan 1.65794006544 -0.087854174489 -0.016370443696 0.760267880326 2.08389629995
494 3952 0 0.0 nan 1.67789624546 -0.0891262578722 -0.025002611001 0.753976018324 2.13636083986
495 3960 0 0.0 nan 1.68632730639 -0.108127695834 -0.0176316044965 0.755548915922 2.11422036553
496 3968 0 0.0 nan 1.70882811396 -0.112488324193 -0.0372652153262 0.754420175841 2.2029204544
497 3976 0 0.0 nan 1.72226665779 -0.141997125767 -0.0340614593596 0.755228005899 2.19208911992
498 3984 0 0.0 nan 1.74174164781 -0.154751724304 -0.0483148573002 0.755599215218 2.25963659741
499 3992 0 0.0 nan 1.75185045487 -0.172938347886 -0.0446952703058 0.756219465442 2.24503437262
500 4000 0 0.0 nan 1.77208791098 -0.167000396517 -0.0699782124698 0.751393092312 2.36320706183
501 4008 0 0.0 nan 1.81488337354 -0.163903666678 -0.0960466994823 0.745934473694 2.50939756618
502 4016 0 0.0 nan 1.80504187257 -0.17682952734 -0.0991054320263 0.754473998521 2.49703378099
503 4024 0 0.0 nan 1.78281543563 -0.169030790825 -0.0842259853125 0.755826910158 2.42418245739
504 4032 0 0.0 nan 1.75990509124 -0.160330268307 -0.0792816559296 0.757395645482 2.38772988449
505 4040 0 0.0 nan 1.74233735781 -0.137734819669 -0.0841917346952 0.760953756881 2.39010526771
506 4048 0 0.0 nan 1.71330345071 -0.121165720185 -0.0781535788158 0.764032574583 2.33847892963
507 4056 0 0.0 nan 1.69191493621 -0.110786064111 -0.0831401259228 0.767664272711 2.33799134779
508 4064 0 0.0 nan 1.63390103339 -0.0519532845493 -0.0922378141835 0.771226733704 2.32700743593
509 4072 0 0.0 nan 1.64408269696 -0.0415033080103 -0.104432710654 0.766278818989 2.38390915413
510 4080 0 0.0 nan 1.62722936375 0.00245759256326 -0.120805794185 0.769696811289 2.43910597118
511 4088 0 0.0 nan 1.63230615179 0.0197687807343 -0.125223677217 0.763754850497 2.47321858796
512 4096 0 0.0 nan 1.6150896392 0.0455641985498 -0.120403331355 0.765053640468 2.45251097531
513 4104 0 0.0 nan 1.59279458372 0.0325954488674 -0.0972761057728 0.777408038693 2.33748477468
514 4112 0 0.0 nan 1.59677713544 0.0261465087068 -0.103051422375 0.788110643552 2.34443869668
515 4120 0 0.0 nan 1.58630353601 0.0303111617547 -0.104408679189 0.788794701504 2.32938111076
516 4128 0 0.0 nan 1.55422828105 0.0348292141828 -0.0713659568324 0.791837591927 2.17139314817
517 4136 0 0.0 nan 1.59782619312 0.0220566093786 -0.0865294349266 0.788545214289 2.2708183901
518 4144 0 0.0 nan 1.59058161454 0.0410089587811 -0.0792317521915 0.791741339299 2.25735159558
519 4152 0 0.0 nan 1.61053185194 0.0632290551219 -0.0944965411993 0.783188460725 2.36208369135
520 4160 0 0.0 nan 1.58386734365 0.0358358873304 -0.0692891985095 0.792435680547 2.22362892889
521 4168 0 0.0 nan 1.56568646375 0.0473586023262 -0.0705558645572 0.79481552526 2.20723127623
522 4176 0 0.0 nan 1.56400959907 0.0251608130303 -0.0479014875781 0.794195126147 2.12120901567
523 4184 0 0.0 nan 1.59299120768 0.021227479224 -0.0567814245395 0.787543682407 2.18928617843
524 4192 0 0.0 nan 1.61888078545 0.00397850116843 -0.0704377197531 0.782164474516 2.25860979998
525 4200 0 0.0 nan 1.60117813601 0.00986557244771 -0.0666885690417 0.785051185335 2.22492258498
526 4208 0 0.0 nan 1.59017994397 0.032772530405 -0.0631358881873 0.783534603917 2.21759182325
527 4216 0 0.0 nan 1.57812642592 0.0233304857111 -0.0510873389751 0.786074512267 2.1523121888
528 4224 0 0.0 nan 1.57627634469 0.0162120016343 -0.0404761670132 0.788218429095 2.10587851808
529 4232 0 0.0 nan 1.58253781398 0.008109969286 -0.0367360729824 0.789705611052 2.09788369505
530 4240 0 0.0 nan 1.58520748936 0.0177111234864 -0.0357128055986 0.785650685918 2.10690830493
531 4248 0 0.0 nan 1.58300281864 0.0125675045574 -0.0313824603758 0.785048533909 2.08601581243
532 4256 0 0.0 nan 1.58575055958 0.0135364373681 -0.0365164588703 0.785529730011 2.1073798435
533 4264 0 0.0 nan 1.59165119236 0.00895466104673 -0.0307388799993 0.78480033747 2.09506514531
534 4272 0 0.0 nan 1.5927948914 0.00766974624359 -0.0269104994376 0.782971051389 2.08450205003
535 4280 0 0.0 nan 1.57994213938 0.0146713134263 -0.0222369083899 0.785584330094 2.05418594674
536 4288 0 0.0 nan 1.58024478624 0.0209231353785 -0.0218485224637 0.784585762317 2.06020193721
537 4296 0 0.0 nan 1.5716873058 0.0230195600108 -0.0152064773009 0.78549325472 2.02741971822
538 4304 0 0.0 nan 1.5767646848 0.00948393823633 -0.0158733556048 0.786561301478 2.02574438262
539 4312 0 0.0 nan 1.58339938125 0.00105337406583 -0.0154175808665 0.785196660675 2.02779351827
540 4320 0 0.0 nan 1.58608384287 0.0102813763968 -0.0228710749491 0.784857583101 2.06330363734
541 4328 0 0.0 nan 1.58307437781 0.0144378455945 -0.0252477597834 0.784128453864 2.06886106316
542 4336 0 0.0 nan 1.59027407724 0.00828293175722 -0.0280128836278 0.783447513086 2.08310113501
543 4344 0 0.0 nan 1.5884231043 0.0155676445538 -0.0290432116936 0.783504544014 2.08954156375
544 4352 0 0.0 nan 1.59536475311 0.0129335780677 -0.0319289971825 0.781977850846 2.10784168143
545 4360 0 0.0 nan 1.59358916003 0.0135636467415 -0.0292267297087 0.782566626575 2.09601914161
546 4368 0 0.0 nan 1.59595673862 0.00920070674465 -0.0301925004103 0.782530323371 2.09863836081
547 4376 0 0.0 nan 1.59733929579 0.00904486426407 -0.0296930924185 0.78218902043 2.09991632317
548 4384 0 0.0 nan 1.59314572849 0.00967660787496 -0.0303141366093 0.783157227363 2.09557217028
549 4392 0 0.0 nan 1.59658492195 0.00913823395419 -0.0328388495305 0.782972786217 2.10887543317
550 4400 0 0.0 nan 1.59862679804 0.0114872731187 -0.0328865102923 0.782541591914 2.11457305498
551 4408 0 0.0 nan 1.59930717615 0.0123276660586 -0.0332229754606 0.782365385668 2.11685414001
552 4416 0 0.0 nan 1.59784613853 0.0116332483047 -0.030998890047 0.782268864002 2.10612273775
553 4424 0 0.0 nan 1.59394811343 0.0124064762893 -0.0269351784765 0.782761390778 2.08745488031
554 4432 0 0.0 nan 1.59405930677 0.0145363766573 -0.0307537631786 0.782683877922 2.10197541955
555 4440 0 0.0 nan 1.59568507726 0.0136304464762 -0.0281019987639 0.782418663925 2.09486560245
556 4448 0 0.0 nan 1.59482238881 0.012319355666 -0.0277128361887 0.782648638701 2.09188301764
557 4456 0 0.0 nan 1.59248487847 0.00893402633452 -0.0240604388865 0.78331526687 2.07344097828
558 4464 0 0.0 nan 1.59365908156 0.00613166262176 -0.0212522704806 0.782927351196 2.06409765781
559 4472 0 0.0 nan 1.59213804921 0.00879560418312 -0.0249420417571 0.783277790676 2.07540302411
560 4480 0 0.0 nan 1.59331941588 0.0115451130507 -0.0291940683084 0.783068492885 2.09249151129
561 4488 0 0.0 nan 1.59484835214 0.0099728672326 -0.0315127075052 0.783161510448 2.10070294244
562 4496 0 0.0 nan 1.59590007514 0.00888128922563 -0.0326329740395 0.783226862613 2.10541951005
563 4504 0 0.0 nan 1.59768070286 0.00707928844823 -0.032127009761 0.782987944848 2.10502753882
564 4512 0 0.0 nan 1.5969066139 0.00886142582281 -0.0329223585198 0.783074778982 2.10802056716
565 4520 0 0.0 nan 1.59612655732 0.0065500182724 -0.032236788494 0.783290412265 2.10245450239
566 4528 0 0.0 nan 1.59705358614 0.00813909363368 -0.0329092059654 0.783002098044 2.10764225633
567 4536 0 0.0 nan 1.59860306427 0.00842189748356 -0.0360482495012 0.782745941371 2.1204207845
568 4544 0 0.0 nan 1.59745302945 0.00630346773995 -0.0326601764377 0.783121008516 2.10590113963
569 4552 0 0.0 nan 1.59293475661 0.00814958867636 -0.0304705319345 0.783717114196 2.0936071699
570 4560 0 0.0 nan 1.59385884771 0.00835429650017 -0.0314579377903 0.783690785597 2.09838738501
571 4568 0 0.0 nan 1.59394474239 0.00777730784422 -0.0305767250451 0.783753394419 2.09518439822
572 4576 0 0.0 nan 1.59498412267 0.00656368830154 -0.0303660037971 0.783725037874 2.09535535547
573 4584 0 0.0 nan 1.59423526061 0.00613062643264 -0.0311798183171 0.78405882694 2.09607528344
574 4592 0 0.0 nan 1.5929591203 0.00699052132684 -0.0294701418703 0.784103881316 2.08955924426
575 4600 0 0.0 nan 1.59297414445 0.00704578347059 -0.0296170411362 0.783855843119 2.08989918776
576 4608 0 0.0 nan 1.59243345065 0.00733149968232 -0.0301925109012 0.783990492633 2.0908504645
577 4616 0 0.0 nan 1.59219914233 0.0065752988593 -0.0303817238309 0.784189601461 2.09049225345
578 4624 0 0.0 nan 1.59281339536 0.00776406098023 -0.0316381620262 0.78389792204 2.09634525929
579 4632 0 0.0 nan 1.59408371683 0.00872416806015 -0.0324680459862 0.783493841476 2.10189815426
580 4640 0 0.0 nan 1.59417786771 0.00936128717002 -0.0331162523821 0.783332066888 2.10428436332
581 4648 0 0.0 nan 1.59453509187 0.00804452269237 -0.0328325067878 0.783517254668 2.10289703551
582 4656 0 0.0 nan 1.59362676997 0.0094479531709 -0.0334114798998 0.783428825887 2.10431006554
583 4664 0 0.0 nan 1.59410982047 0.0086520028838 -0.0333198089416 0.783483308719 2.10423016249
584 4672 0 0.0 nan 1.59434516987 0.00993209745426 -0.035453645056 0.783393218556 2.11229545689
585 4680 0 0.0 nan 1.59353839675 0.0103533055256 -0.0359729609107 0.783677929532 2.11304710859
586 4688 0 0.0 nan 1.59312621884 0.009291735038 -0.034165626345 0.783939251335 2.10599722871
587 4696 0 0.0 nan 1.59255499683 0.00810413092578 -0.0318904919468 0.784043304535 2.09690033931
588 4704 0 0.0 nan 1.59299092683 0.00831879189946 -0.0329863398651 0.78375068076 2.10106740397
589 4712 0 0.0 nan 1.59371280848 0.00737530929527 -0.0332461731789 0.78369046436 2.10194599563
590 4720 0 0.0 nan 1.59391846153 0.00841193304568 -0.0338671491831 0.783584306859 2.10493934874
591 4728 0 0.0 nan 1.59301494188 0.00807221182403 -0.029346133661 0.783381161968 2.08936283893
592 4736 0 0.0 nan 1.59193676676 0.00821021338013 -0.0310159847718 0.78417279827 2.09302537962
593 4744 0 0.0 nan 1.59241895061 0.00973736033752 -0.0356878732953 0.784176531111 2.10976841931
594 4752 0 0.0 nan 1.59309482758 0.00865098759398 -0.0381002669313 0.784513880469 2.11734591488
595 4760 0 0.0 nan 1.59475575599 0.00892171195239 -0.040324204115 0.784144254493 2.12700335828
596 4768 0 0.0 nan 1.59691951584 0.00907388331101 -0.040692177918 0.783442614136 2.13181376821
597 4776 0 0.0 nan 1.59779155961 0.0081563424024 -0.0383406717719 0.783030408466 2.12516894687
598 4784 0 0.0 nan 1.59944974226 0.00677628811251 -0.0388685578704 0.782821296165 2.12821900926
599 4792 0 0.0 nan 1.59930629614 0.00614855350202 -0.0409132405993 0.783584626467 2.13394496157
600 4800 0 0.0 nan 1.59795659354 0.00599223736226 -0.0368684037768 0.783852154824 2.119206362
601 4808 0 0.0 nan 1.59770731467 0.00674929132533 -0.0429853422802 0.784266878283 2.13865974328
602 4816 0 0.0 nan 1.59802968081 0.00600067845693 -0.0394205038838 0.783779768671 2.12744897576
603 4824 0 0.0 nan 1.59974851509 0.00610135581165 -0.0387522649147 0.783171568221 2.12797548294
604 4832 0 0.0 nan 1.59780481022 0.00664248429667 -0.0379501682236 0.78352576761 2.12287669436
605 4840 0 0.0 nan 1.59813764092 0.00749665402475 -0.0403746101465 0.783290705533 2.13154447621
606 4848 0 0.0 nan 1.5975027011 0.00803179533936 -0.0410455237193 0.783425316552 2.13303154608
607 4856 0 0.0 nan 1.59773734553 0.00788878982538 -0.042404962849 0.783552311059 2.13747901217
608 4864 0 0.0 nan 1.59893762617 0.00691654681911 -0.0452668762789 0.783757318476 2.14734176978
609 4872 0 0.0 nan 1.59923445201 0.00704463168564 -0.0444002175934 0.783642689768 2.14522223358
610 4880 0 0.0 nan 1.59872745001 0.00665303534224 -0.0437533880741 0.783763098489 2.14205758088
610 4880 0 0.0 nan 1.59872745001 0.00665303534224 -0.0437533880741 0.783763098489 2.14205758088
