% # columns="iteration, evaluation, sigma, axis ratio, bestever, best, median, worst objective function value, further objective values of best", seed=985740, Sun Dec 16 04:59:11 2018
1 8 0.405962204491 1.0000400008 84.923585872 8.4923585871991335e+01 104.670971608 116.900086055   
2 16 0.382303938871 1.10769883486 75.201876312 7.5201876312027935e+01 92.6074758132 101.725960229   
3 24 0.349717738358 1.22580404747 73.918707538 7.3918707537987714e+01 96.1697999521 110.899713941   
4 32 0.291065352429 1.20351226736 71.4785180288 7.1478518028843112e+01 97.9849872008 111.238340367   
5 40 0.316521962844 1.30075616099 71.4785180288 8.0364184516042187e+01 103.060238304 108.163288878   
6 48 0.297708727965 1.45806793508 71.4785180288 7.7768165218569735e+01 94.2915608307 99.1529805317   
7 56 0.287168651516 1.49603361656 67.0689638786 6.7068963878601707e+01 88.8643931617 100.272364982   
8 64 0.261226557654 1.49173324795 67.0689638786 7.7801270829445627e+01 90.7789658342 108.882615943   
9 72 0.249881472998 1.5193678552 59.7613319179 5.9761331917929816e+01 94.6071804874 101.595665412   
10 80 0.264514899783 1.62961000326 59.7613319179 7.3051079635683905e+01 94.225308132 112.130499153   
11 88 0.229668483723 1.81211127161 59.7613319179 7.2837312054760901e+01 89.525285909 115.195250549   
12 96 0.199804358507 1.80149156985 49.7440929572 4.9744092957154493e+01 90.0654287199 95.5610942326   
13 104 0.185943933263 1.78337562424 49.7440929572 7.4054732776505162e+01 83.431864362 95.9819116229   
14 112 0.162566999203 1.8767086719 49.7440929572 7.1180527733576881e+01 85.6817130374 104.035485306   
15 120 0.15256241767 1.89290164881 49.7440929572 7.0104996214055575e+01 78.061253044 101.237746748   
16 128 0.145349007513 1.9806605434 49.7440929572 5.3148114906113044e+01 84.508083335 93.4776127665   
17 136 0.132521056762 2.03757242381 49.7440929572 5.8394308232175746e+01 82.9327252307 92.5569225201   
18 144 0.126192828517 2.09764302944 49.7440929572 6.5680422373108456e+01 85.4726474709 104.498181021   
19 152 0.123205338601 2.10100598457 49.7440929572 6.5116720535659681e+01 85.2875912531 101.736493625   
20 160 0.107689233367 2.37580880807 49.7440929572 6.2003149532964684e+01 80.0616704817 95.7719659634   
21 168 0.107202783198 2.41896970142 49.7440929572 5.7501907614707633e+01 66.4457409944 89.4008206595   
22 176 0.104820911543 2.41064636517 49.7440929572 6.1225175313183392e+01 84.8229139032 90.0532204806   
23 184 0.0981311907657 2.30584881847 49.7440929572 6.4582823209561212e+01 80.9262341179 89.4897834422   
24 192 0.106200532968 2.38331634191 49.7440929572 6.3270766903998066e+01 81.0270416582 95.2040170754   
25 200 0.0929613227323 2.39141183848 49.7440929572 4.9953645007216295e+01 86.4772992127 91.5750887679   
26 208 0.0772356699443 2.47909796077 49.7440929572 6.0021528989743963e+01 83.4123077653 89.5766934936   
27 216 0.06982988747 2.56489465237 49.7440929572 5.7439207708335175e+01 76.3570236371 85.8922674483   
28 224 0.0708578075692 2.41375468355 49.7440929572 5.3028375048021033e+01 81.9629008082 86.9158644508   
29 232 0.0709272170443 2.41407666009 36.6388183284 3.6638818328400490e+01 76.6097428996 90.9333954845   
30 240 0.0676139100925 2.53742178922 36.6388183284 4.6657690621341935e+01 69.6116331639 71.3808664538   
31 248 0.0659365583074 2.62324084295 36.6388183284 4.7365634155634737e+01 70.4406728243 90.6180393192   
32 256 0.0613871543744 2.3899873202 36.6388183284 6.8647637415032335e+01 85.4274521531 92.9188122044   
33 264 0.0650178108749 2.42868605294 36.6388183284 6.1180434209321604e+01 71.9051865718 94.2924149775   
34 272 0.0646684257562 2.53459850072 36.5744687145 3.6574468714470591e+01 72.4694524375 93.6338916767   
35 280 0.0753576466788 2.59886223353 36.5744687145 6.7005281222772709e+01 81.041305292 96.0937562974   
36 288 0.0663443040166 2.57706481657 36.5744687145 5.6220274708959352e+01 74.0364109438 83.753237577   
37 296 0.0567180975997 2.50944588401 36.5744687145 5.0450809220082682e+01 78.0866754786 88.0360994438   
38 304 0.0549150376839 2.50487870773 36.5744687145 6.6264467195537819e+01 80.9396744382 90.8476092326   
39 312 0.0540757732712 2.56336404679 36.5744687145 6.4991441093409236e+01 81.6012677132 91.8239237101   
40 320 0.0512381493481 2.47834597123 36.5744687145 5.6041723504181334e+01 79.6016568629 86.5403445931   
41 328 0.0484164234957 2.60377586499 36.5744687145 4.2420953077817252e+01 67.4810864593 82.631640865   
42 336 0.0485447773867 2.56379848055 36.5744687145 5.0414356005606962e+01 80.3395021039 96.463942903   
43 344 0.0443357732664 2.59802753323 36.5744687145 6.0833705796276540e+01 79.1444664467 89.520962293   
44 352 0.0395540947793 2.67319134011 36.5744687145 5.8840298095481636e+01 74.9158016267 90.3363594765   
45 360 0.0378924082351 2.70935159338 36.5744687145 5.7110896919384516e+01 83.2623017999 90.4542368644   
46 368 0.03622400474 2.72846904241 36.5744687145 5.7243994975247787e+01 69.7300158103 89.7727785142   
47 376 0.0363252825233 2.77259971499 36.5744687145 6.2217386604451619e+01 75.974498795 84.6777673494   
48 384 0.0333834165442 3.15503101425 36.5744687145 6.0186204209359737e+01 81.6376237307 87.4141749898   
49 392 0.031510880261 3.03540790966 36.5744687145 5.4667144927905603e+01 82.23113204 88.9238940242   
50 400 0.0315234828511 3.03064860288 36.5744687145 5.1200352675337939e+01 72.252607673 94.549357295   
51 408 0.0357546297923 3.00259121283 36.5744687145 5.8682130728652560e+01 72.9299863688 86.2169594853   
52 416 0.0394027496517 3.49707432804 36.5744687145 5.3099959121411203e+01 78.1999381894 90.0169764403   
53 424 0.0406957950572 4.03363918303 36.5744687145 5.4068513588760034e+01 71.1588079768 89.227850411   
54 432 0.0424953282986 4.25399550114 36.5744687145 4.4329667630142922e+01 67.753922255 93.6783466781   
55 440 0.0389829661443 4.14169250924 36.5744687145 5.1531246227073524e+01 69.7675349512 101.186983064   
56 448 0.0380795070733 4.03344251301 36.5744687145 5.2829939445341225e+01 74.4609210526 89.584950614   
57 456 0.0395483212512 4.32493342289 36.5744687145 6.0326223370036033e+01 69.139981416 90.2663010911   
58 464 0.0439656981964 4.5173506399 36.5744687145 5.2981909387713202e+01 77.7183034187 89.7200192364   
59 472 0.048641832242 4.34071469739 36.5744687145 5.6074496904866436e+01 86.5609101328 101.171027201   
60 480 0.0485445124883 4.19791836642 36.5744687145 5.9805611525494960e+01 77.4833273819 90.0700585078   
61 488 0.0503328896572 4.11643713514 36.5744687145 4.2408196836063773e+01 69.672955015 87.4114934298   
62 496 0.0451248886204 4.55454287657 36.5744687145 6.1867573866684239e+01 71.6352410844 84.1439263324   
63 504 0.042814048359 4.56993544582 36.5744687145 6.4489135599758185e+01 73.1917811311 81.0751640506   
64 512 0.0418841507765 4.25694668083 36.5744687145 6.9579453311443544e+01 85.9542856108 95.7843457756   
65 520 0.0456557909014 4.42388163278 36.5744687145 5.8812831030003295e+01 88.3785089094 96.7757737125   
66 528 0.0539847491279 4.62332022014 36.5744687145 5.6052926151321344e+01 84.454314737 90.0310022221   
67 536 0.0522851946303 5.08914827582 36.5744687145 5.3108860960474779e+01 78.5611370688 96.0640451822   
68 544 0.059313665858 5.0097436995 36.5744687145 6.9114096162779546e+01 83.8332958168 99.8439058994   
69 552 0.0643548312287 5.62146035668 36.5744687145 6.4416370393794196e+01 77.1382433852 86.2287353308   
70 560 0.0721120733554 5.70166895498 36.5744687145 5.8749526739452847e+01 77.3597306082 87.5531859461   
71 568 0.066417352218 6.30281811723 36.5744687145 6.5623576406655673e+01 86.6321519242 100.368632017   
72 576 0.0597654272857 6.26834735908 36.5744687145 7.1595398380528550e+01 79.654776382 82.6450516899   
73 584 0.0584525571141 6.48992168015 36.5744687145 6.2620548000728341e+01 71.6077051038 87.2091689594   
74 592 0.0576083852453 6.69298714568 36.5744687145 5.6348305464476816e+01 73.8208355432 93.0283860774   
75 600 0.0614501145734 6.97777580351 36.5744687145 5.6097067170022108e+01 79.5006499367 97.9769716647   
76 608 0.0621301577266 7.02194779563 36.5744687145 5.3859960868733651e+01 79.7937496195 87.0109716437   
77 616 0.0710247525433 7.74745336284 36.5744687145 4.7804976068116872e+01 63.1993850855 86.7645884803   
78 624 0.0685838326528 7.47781243399 36.5744687145 4.6551885589815491e+01 82.401017694 93.9628998653   
79 632 0.062229132653 8.31380757775 36.5744687145 5.5517397695967084e+01 71.7305039294 91.5281567126   
80 640 0.0640217936352 7.91976916918 36.5744687145 5.8404237446175557e+01 88.1234007272 93.3449086954   
81 648 0.0633743545274 8.75556831349 36.5744687145 6.0035098430868615e+01 84.2913871814 94.2909169213   
82 656 0.0681622405979 8.05910960906 36.5744687145 6.3156401114018429e+01 84.4319290399 88.9382109823   
83 664 0.0595844696815 8.84381637677 36.5744687145 5.5302982858532999e+01 74.8423231303 89.3194237761   
84 672 0.0477539192568 9.24265579608 36.5744687145 5.2530651395542435e+01 76.4868889253 90.3506064513   
85 680 0.0451882834147 9.08838734184 36.5744687145 5.0249117892407583e+01 75.3726313248 91.8044893109   
86 688 0.0460719713656 8.48100367272 36.5744687145 6.0970542817097169e+01 76.3786472315 86.858851108   
87 696 0.0448201976309 8.55682608338 36.5744687145 5.1572718734391088e+01 69.1619150436 85.3031264291   
88 704 0.0454027265992 9.10729741854 36.5744687145 6.2714074835989180e+01 82.8805361394 92.5685818404   
89 712 0.0459084894404 8.88444428055 36.5744687145 5.3528077640865163e+01 59.6962623069 63.0755354878   
90 720 0.0391298179512 9.65241954251 36.5744687145 5.0870901677881392e+01 74.741977462 83.885686609   
91 728 0.0349831095921 9.11034065801 36.5744687145 5.1067077792504691e+01 73.7429381897 83.371188213   
92 736 0.0347600215478 8.65347627899 36.5744687145 4.4956303547999141e+01 71.9273803613 93.4177099345   
93 744 0.035004681 8.65627074157 36.5744687145 4.7991510157061981e+01 66.0359799254 87.2005158325   
94 752 0.0352142440994 8.21765749148 36.5744687145 3.8676596254038088e+01 75.2759903446 88.4637840828   
95 760 0.0367029299592 8.36505515887 36.5744687145 5.6015747935290342e+01 73.3328258851 90.1384146379   
96 768 0.0358214423666 8.71649971064 36.5744687145 4.8183401448642798e+01 72.9713261894 87.3657809008   
97 776 0.0323239497045 9.02821997724 36.5744687145 5.5705189213767525e+01 72.3945358837 101.579122426   
98 784 0.0322936852753 9.11012465561 36.5744687145 5.4864404826662110e+01 69.2961892171 81.5812959212   
99 792 0.0430000988238 9.3048843345 36.5744687145 5.0181426057811720e+01 83.0742542313 92.3941295052   
100 800 0.0520862114402 9.59743151984 36.5744687145 6.3217133330782787e+01 80.1922523412 87.9724149876   
101 808 0.0631122315333 9.32681489683 36.5744687145 5.4104808636864853e+01 68.3435572424 80.5510679984   
102 816 0.0723200721868 10.3809327698 36.5744687145 5.5712431003315523e+01 73.4649445938 76.8823333585   
103 824 0.0766280374688 10.2216812373 36.5744687145 5.4713994710805437e+01 80.0473537459 86.0606470575   
104 832 0.0753676667813 9.77879508304 36.5744687145 4.5072124971583065e+01 65.9500187734 86.598430658   
105 840 0.0749945918721 9.38346896536 36.5744687145 4.7958261437556992e+01 79.9912406136 90.7265802879   
106 848 0.0733878310969 9.0287000255 36.5744687145 4.3166845823135446e+01 68.5178473719 88.303728641   
107 856 0.0765916403762 9.04246328006 36.5744687145 4.9508085851903878e+01 65.7003579431 82.3752449093   
108 864 0.0743176059464 8.33867372822 36.5744687145 5.4394797906722061e+01 75.6773336833 85.6946284161   
109 872 0.0694618627048 8.7407572583 36.5744687145 5.6304843977920058e+01 70.877293903 79.4011584798   
110 880 0.0612008689287 8.50356337099 36.5744687145 5.6701022242538620e+01 83.2647763955 89.4754718718   
111 888 0.0559681044442 8.41263570383 36.5744687145 5.7814725160601085e+01 76.3618934494 93.0608464894   
112 896 0.0662635717025 8.58734028166 36.5744687145 5.2483029164779055e+01 81.8284632416 89.0197738003   
113 904 0.0870136901997 8.19743869058 36.5744687145 5.2072953153122668e+01 61.4931299482 94.9763353317   
114 912 0.0946182636531 8.59348751367 36.5744687145 6.1414929826384068e+01 70.1084623632 97.5293684521   
115 920 0.0914752784822 7.98441573063 36.5744687145 4.5275577772870854e+01 77.1904212595 90.4039133434   
116 928 0.0915813041915 8.14910895394 36.5744687145 6.0013059654499102e+01 84.4916711031 104.158996481   
117 936 0.0850675880127 9.04551838288 36.5744687145 5.1110972642343825e+01 70.570906229 86.7221226781   
118 944 0.074111379713 8.49717270402 36.5744687145 6.0832958164437031e+01 79.4193359651 95.7453847883   
119 952 0.0636027670754 8.14526706047 36.5744687145 6.2765746239183663e+01 69.6986021419 91.7205766721   
120 960 0.06430590567 8.64166325201 36.5744687145 5.9697842945247118e+01 77.0320316835 98.4590789192   
121 968 0.0582166546478 9.18002327183 36.5744687145 6.8902830462339011e+01 84.2791142374 111.495580569   
122 976 0.0639342521879 9.28665221132 36.5744687145 5.9766643039215197e+01 86.5782658411 90.7471985164   
123 984 0.0662380032231 10.2365708228 36.5744687145 5.6140469032917565e+01 82.2751535665 89.8099417715   
124 992 0.0629941181791 10.2885367975 36.5744687145 5.0489941562442830e+01 74.749138434 85.442555387   
125 1000 0.0648529309278 10.5149034512 36.5744687145 4.5368606804918642e+01 61.9878203108 86.3403278973   
126 1008 0.0568843700429 10.0328331791 36.5744687145 5.7301688828260779e+01 69.8127611039 92.44203724   
127 1016 0.0563040500916 10.3687196997 36.5744687145 4.7730424032953060e+01 70.9649132842 97.606392703   
128 1024 0.053226848225 10.2458326835 36.5744687145 5.0369900397129989e+01 73.6992596739 83.4246603916   
129 1032 0.0464697838464 10.5823664201 36.5744687145 6.0066731759195477e+01 82.0915527441 92.4500422888   
130 1040 0.0457457038357 10.100075923 36.5744687145 5.3957510932954250e+01 70.0049100947 81.3602213721   
131 1048 0.0429836663673 10.0878544027 36.5744687145 5.2937454315073651e+01 82.5243129853 89.3666039735   
132 1056 0.0421503710014 10.5560547793 36.5744687145 4.4636156542915174e+01 73.1834708983 94.0412372012   
133 1064 0.0467217972264 10.3044968026 36.5744687145 5.1353788977319105e+01 60.1136800762 96.6258249343   
134 1072 0.0438536687158 11.5304823702 36.5744687145 5.4224000605087681e+01 71.2920985239 89.2351911969   
135 1080 0.039192389112 11.6802048138 36.5744687145 6.0263110853730197e+01 74.7590355238 85.1229145972   
136 1088 0.0403115239692 10.9345094259 36.5744687145 5.6390435896859721e+01 72.4964793561 79.1515030708   
137 1096 0.0447077976249 10.7432747155 36.5744687145 6.1278237694502913e+01 72.8822628164 80.1975224753   
138 1104 0.0444119748036 11.2091428486 36.5744687145 5.3642471532989198e+01 73.1456144226 94.7686259031   
139 1112 0.0432560873595 11.1779263874 36.5744687145 5.5631131958644744e+01 68.0187691544 89.8839847925   
140 1120 0.046078379882 11.1621938572 36.5744687145 5.5672671347815196e+01 84.4128118607 86.6795077762   
141 1128 0.0485810957677 11.2488467647 36.5744687145 5.6766473986154381e+01 78.0527029237 87.9849086448   
142 1136 0.0406925781894 12.6616272134 36.5744687145 5.8397878353897340e+01 80.9785605444 88.9679626983   
143 1144 0.0388324951952 13.3107435252 36.5744687145 5.2489435413632982e+01 79.5528869773 89.23181261   
144 1152 0.0381311446352 13.213496025 36.5744687145 5.5996503323709319e+01 70.8702419977 87.4805705838   
145 1160 0.0387396421959 13.72402144 36.5744687145 5.5277887675342157e+01 73.2429614213 93.3066992919   
146 1168 0.0333998282867 13.8895834525 36.5744687145 5.5482253097343033e+01 78.7723895329 86.6384108622   
147 1176 0.0324759752592 13.0928050662 36.5744687145 6.0504863518888712e+01 81.3360209784 87.6927255165   
148 1184 0.0309430201663 13.0289688159 36.5744687145 5.6745085423923271e+01 68.92363403 87.9204657514   
149 1192 0.0282005826035 12.9805542481 36.5744687145 5.3220035652328036e+01 81.6737515692 94.7996894313   
150 1200 0.0264798293602 12.5412904179 36.5744687145 6.2068253423167285e+01 71.4679611292 89.6782071567   
151 1208 0.0240831381704 13.6355101978 36.5744687145 4.6608422963888721e+01 71.3311536265 81.9793779653   
152 1216 0.0252796083439 13.6646209483 36.5744687145 6.2477995289014451e+01 68.5247040753 80.2636440554   
153 1224 0.028008645556 14.8862529991 36.5744687145 5.2060103152678025e+01 74.3820125219 86.3077913331   
154 1232 0.0264419788974 16.2339981064 36.5744687145 5.3534752923604621e+01 72.5381510929 81.9303876752   
155 1240 0.0267013553604 15.3893458406 36.5744687145 5.4510667875241495e+01 71.4877718564 89.7584460567   
156 1248 0.0258850283636 15.532244474 36.5744687145 5.5034759685069190e+01 82.3686232237 93.2394429355   
157 1256 0.0276952234637 14.227083166 36.5744687145 5.9400536062454037e+01 85.1367659944 87.7981913465   
158 1264 0.0246502944689 16.0651567705 36.5744687145 5.7519030705807069e+01 71.3000210228 87.727947004   
159 1272 0.0260580427426 17.2877776792 36.5744687145 5.4831837480297594e+01 78.1126020269 86.9776221427   
160 1280 0.0287489706778 17.4288458015 36.5744687145 5.0531679319626846e+01 77.020165331 86.0962177231   
161 1288 0.0264165839308 18.0181617108 36.5744687145 5.0098231077399291e+01 76.200835707 88.4362683167   
162 1296 0.0240361818917 18.7168114378 36.5744687145 5.9378569405653231e+01 77.7814292555 85.6398737346   
163 1304 0.0237823367802 17.3580397266 36.5744687145 5.2357624679769472e+01 75.3909311642 87.0663179629   
164 1312 0.0246801978615 17.5537401921 36.5744687145 6.0234629633671922e+01 72.5077152006 87.9879685886   
165 1320 0.023095852669 16.6322770555 36.5744687145 6.1198146882757406e+01 79.8208708015 98.6201342411   
166 1328 0.022661462418 16.6759295262 36.5744687145 4.9260853086962243e+01 70.4492973688 90.465532174   
167 1336 0.023486353229 16.9724619312 36.5744687145 4.8437555580812784e+01 57.9069696455 80.9313480235   
168 1344 0.0220152620102 17.5378894789 36.5744687145 4.9395677214798326e+01 74.60823592 89.9900567404   
169 1352 0.0215900199662 17.1255080661 36.5744687145 5.8423447230762278e+01 64.5677818599 85.473283826   
170 1360 0.0244194970482 16.379772135 36.5744687145 5.2600931494895278e+01 74.050780304 90.7515144059   
171 1368 0.0319483508999 14.4968437565 36.5744687145 5.2534855445126681e+01 72.4871820934 84.5377180733   
172 1376 0.044896388985 14.2400009993 36.5744687145 5.1745326324598821e+01 78.7102748044 90.6083588528   
173 1384 0.0455498187901 14.9083102208 36.5744687145 5.4022591649866548e+01 72.6746611749 78.793404247   
174 1392 0.0459449627304 14.0792273299 36.5744687145 5.7717632986482393e+01 82.9633094237 92.3863909344   
175 1400 0.0456738284586 13.7838937363 36.5744687145 5.2636244456782826e+01 74.1632845346 92.6534257134   
176 1408 0.0452341821829 13.8317842771 36.5744687145 5.2873739447237703e+01 65.3584599712 94.7302390431   
177 1416 0.0413878012999 13.0270427718 36.5744687145 4.4336251894985402e+01 83.5150796929 98.3116327836   
178 1424 0.0450889580045 13.7356542391 36.5744687145 5.5493506571500603e+01 90.1133051638 96.3499968578   
179 1432 0.0442589777391 13.4196710016 36.5744687145 5.8336071123750301e+01 80.4003502128 83.5488129122   
180 1440 0.0496572708263 12.9788605305 36.5744687145 5.2561822014277439e+01 80.4258668753 93.7663375582   
181 1448 0.0766611653653 13.2676749335 36.5744687145 5.6560584416507510e+01 65.8061925243 79.7899633876   
182 1456 0.0925727609343 13.9897898919 36.5744687145 5.1693134428172272e+01 79.2774656034 91.8620120568   
183 1464 0.100363265658 14.1791662033 36.5744687145 4.9564953823990194e+01 69.710827864 86.8520263138   
184 1472 0.112926300902 14.6278604732 36.5744687145 6.7696215150217000e+01 82.9253918504 92.2907390694   
185 1480 0.11209743872 14.9717483147 36.5744687145 4.2384183243723520e+01 65.1583904077 90.2539485487   
186 1488 0.127950820707 15.1039147245 36.5744687145 4.5046524836722739e+01 65.120846403 88.6735400815   
187 1496 0.12242265957 15.5570154061 36.5744687145 5.3409999799479124e+01 73.151011186 87.0768908312   
188 1504 0.124088783152 15.807524445 36.5744687145 5.4674205361111326e+01 67.9480901423 83.1403941869   
189 1512 0.11712835487 14.765557748 36.5744687145 5.0461460070438086e+01 60.1449142362 87.043563963   
190 1520 0.113679349703 15.3218563031 36.5744687145 6.4227628454688841e+01 78.0047110759 90.3772855086   
191 1528 0.106752649967 17.8101249347 36.5744687145 6.5206101240025959e+01 84.5199117476 92.9851252316   
192 1536 0.117055432364 17.9216693007 36.5744687145 5.5549940378022505e+01 76.9908535917 89.647561584   
193 1544 0.10197103701 17.5481604508 36.5744687145 6.2263974128635091e+01 73.9987142619 92.7555998067   
194 1552 0.112413785276 18.9610072027 36.5744687145 5.6830427654856678e+01 78.9064968154 91.7417949196   
195 1560 0.124504605661 21.5643356154 36.5744687145 5.1736808450239430e+01 69.4864652447 98.8158288005   
196 1568 0.115607140493 23.7752289533 36.5744687145 5.9356365475384280e+01 67.4836869135 91.4251408517   
197 1576 0.103848022038 23.355100535 36.5744687145 5.4017166200402897e+01 78.3797426738 105.216353565   
198 1584 0.104229015853 23.532577565 36.5744687145 5.4758264470171191e+01 73.8097310242 87.5818428441   
199 1592 0.0926898323777 24.3075123272 36.5744687145 5.5563859864867538e+01 65.3561915059 74.5142378602   
200 1600 0.0956179501345 25.165098508 36.5744687145 5.1414328687757958e+01 71.2533242532 87.3285356236   
201 1608 0.0863479665903 26.0420223283 36.5744687145 5.3459538948965005e+01 77.6615352863 92.0003658677   
202 1616 0.074750032786 24.8173378974 36.5744687145 5.9133208852331592e+01 78.9565371021 89.9622563717   
203 1624 0.0933515890663 27.1524070334 36.5744687145 5.7377963740429415e+01 80.6726887009 91.0267412017   
204 1632 0.117779025955 29.0012383224 36.5744687145 5.2301721372990002e+01 83.0868477332 96.9331543954   
205 1640 0.131608546084 28.9966403989 36.5744687145 5.1040053613951898e+01 81.0162358135 92.8050266703   
206 1648 0.129444817297 28.8267560215 36.5744687145 7.0096834550402647e+01 79.5910508308 87.8550564187   
207 1656 0.137309142053 31.8497572897 36.5744687145 5.1072516021230086e+01 83.5493075772 96.9393266646   
208 1664 0.137601359009 28.3924597154 36.5744687145 5.6199254080239434e+01 77.5425856484 87.1282269277   
209 1672 0.128853788732 29.9988918227 36.5744687145 6.7431692825007289e+01 78.0303008538 99.0591336034   
210 1680 0.131673617577 29.4739650637 36.5744687145 5.6986294237664382e+01 82.7910342561 94.7003167562   
211 1688 0.13680563473 31.3613475643 36.5744687145 7.4277036680448163e+01 86.6399866305 89.9860334672   
212 1696 0.135853944147 34.6184776123 36.5744687145 5.4939392180056814e+01 78.8148911037 92.2304338338   
213 1704 0.137156232767 37.0899116543 36.5744687145 5.2649901696936624e+01 77.4855175445 95.1323832376   
214 1712 0.136101569781 39.489870661 36.5744687145 6.0721907097081782e+01 71.573185056 95.7254376993   
215 1720 0.154299071223 38.3825877873 36.5744687145 4.4742101321689425e+01 74.1439650205 97.5739374962   
216 1728 0.144472688813 41.113178596 36.5744687145 5.9479249736637200e+01 77.3602938406 93.0546379381   
217 1736 0.141342539317 43.4305135134 36.5744687145 5.3443592634876531e+01 62.3362286109 97.1231923587   
218 1744 0.13376609674 44.7415332698 36.5744687145 6.3164803647981699e+01 73.5202778328 83.6850158348   
219 1752 0.132620484713 45.4827217493 36.5744687145 4.8598946281306404e+01 71.7734447944 86.9890234211   
220 1760 0.122239170033 47.2056456355 36.5744687145 5.7064538230820432e+01 76.8109158339 88.0493591761   
221 1768 0.107207627085 48.192967785 36.5744687145 5.0540840808085562e+01 71.1051947423 94.4279353431   
222 1776 0.106627587898 50.1534471931 36.5744687145 5.3047831313184787e+01 70.8298493543 91.718894698   
223 1784 0.11099766946 53.3545910212 36.5744687145 5.4663804217573968e+01 79.4638204597 88.6916498816   
224 1792 0.101619652423 51.5189811374 36.5744687145 4.8095370304768259e+01 76.1079851541 89.9219270705   
225 1800 0.0982144338371 49.3717804368 36.5744687145 5.2213265111493094e+01 71.0267284338 90.2301764631   
226 1808 0.0909350452809 48.9733359061 36.5744687145 5.0942117806536302e+01 80.087533324 91.4830531791   
227 1816 0.0944322826866 50.5876899439 36.5744687145 5.3168312847761925e+01 74.5059520318 92.8270863442   
228 1824 0.0747236063087 49.0686589566 36.5744687145 4.8999705614148780e+01 63.2441523679 84.0806516437   
229 1832 0.0660592393908 49.9100697672 36.5744687145 5.6294862884452563e+01 78.9728403218 87.7911658652   
230 1840 0.0671394519193 51.4052857949 36.5744687145 5.0934566887574221e+01 62.6737260666 84.2509878701   
231 1848 0.0783389252029 47.4912602737 36.5744687145 5.8694555496623664e+01 75.3544183759 89.6982589788   
232 1856 0.0747543569981 47.7865220418 36.5744687145 5.7315405729995319e+01 81.6392901039 91.6970922648   
233 1864 0.0741159102808 51.6601332749 36.5744687145 5.7685530893655319e+01 76.7311016086 88.6551411994   
234 1872 0.0798120892345 45.499424232 36.5744687145 7.1118127389630914e+01 79.2364445519 92.169778538   
235 1880 0.0788228747111 46.7851238128 36.5744687145 5.6561994340911056e+01 67.7450830731 84.6975808588   
236 1888 0.0795714050611 51.4593641245 36.5744687145 5.0768515532959441e+01 78.2123530803 89.8560077786   
237 1896 0.0796672571087 43.8171165794 36.5744687145 4.8594054300824865e+01 79.9183770604 93.4131301555   
238 1904 0.0848698557622 41.8614414781 36.5744687145 5.6029433881195366e+01 73.1972935595 84.7152357145   
239 1912 0.0877978482199 40.6859261938 36.5744687145 6.5579104183839661e+01 88.6591877425 91.3616158459   
240 1920 0.0952687751912 38.8014718396 36.5744687145 4.7488842083549940e+01 73.8804635122 100.691870633   
241 1928 0.0951440882142 37.3920366332 36.5744687145 4.8870148442743485e+01 80.2925026631 92.7954114658   
242 1936 0.0932442590298 40.0888364769 36.5744687145 5.5149834068985584e+01 80.6018176009 90.5531548832   
243 1944 0.0965769651726 39.1207271709 36.5744687145 5.6597178926248972e+01 85.0102334057 101.395760933   
244 1952 0.105315868433 38.7476069482 36.5744687145 6.0393959407946269e+01 81.921532733 85.5319237189   
245 1960 0.111088728213 41.1385056874 36.5744687145 5.6747309486501074e+01 83.5342555349 91.7819279821   
246 1968 0.127625330658 42.3007087854 36.5744687145 5.6761436397364278e+01 69.586952163 93.4718959869   
247 1976 0.124692181447 44.102296522 36.5744687145 4.7496077394695433e+01 80.9388334728 81.6948469832   
248 1984 0.144804988907 45.3956195301 36.5744687145 5.8909507116176300e+01 82.8511449682 95.476730956   
249 1992 0.134490995403 37.853066556 36.5744687145 6.1025073567224311e+01 84.7100343891 101.267032691   
250 2000 0.136265154605 37.440799288 36.5744687145 5.5029829408888176e+01 69.3673428029 83.81167353   
251 2008 0.150166346297 33.8729824493 36.5744687145 4.5006951407324443e+01 80.4872815423 90.2903163958   
252 2016 0.146296469639 34.5287751369 36.5744687145 5.5875064760059075e+01 80.0490909105 96.0980411315   
253 2024 0.152130311026 38.043113226 36.5744687145 5.7795366193275328e+01 82.2136131014 88.9367261905   
254 2032 0.168939955888 39.6861713421 36.5744687145 6.0300937197662748e+01 80.2520430528 93.7574922598   
255 2040 0.171137921596 40.2754948587 36.5744687145 5.4082598023033569e+01 75.487925418 84.2119797969   
256 2048 0.138910518313 40.4613937952 36.5744687145 5.7226839028545207e+01 76.5882371718 100.436452196   
257 2056 0.135864544319 41.2405626984 36.5744687145 6.4387297525144049e+01 80.0827191818 84.4841606167   
258 2064 0.13138217426 41.950588467 36.5744687145 5.7116486125689818e+01 72.3060701902 86.1930694501   
259 2072 0.121623957105 38.3203531037 36.5744687145 6.0050924472044649e+01 79.691433887 91.5188592368   
260 2080 0.117922093237 37.9906959797 36.5744687145 6.4207081013344720e+01 74.498659059 90.3008082618   
261 2088 0.100355230572 39.4245708887 36.5744687145 6.9157937169002125e+01 87.5198365662 96.9034357352   
262 2096 0.0893622985934 37.790068798 36.5744687145 5.1760770956825752e+01 72.3125261405 88.4657324026   
263 2104 0.0854305979165 37.4234015783 36.5744687145 5.2895245379486433e+01 84.4699502393 94.4643741409   
264 2112 0.0835830565441 38.14502065 36.5744687145 5.5972526729010340e+01 79.8395591583 87.6623152026   
265 2120 0.0981414109177 37.6576211616 36.5744687145 5.6994546364624014e+01 81.2805947926 92.7708417562   
266 2128 0.103650753988 36.8907944161 36.5744687145 5.2051799058018773e+01 73.9677881379 90.4471349868   
267 2136 0.120265010781 39.8929588101 36.5744687145 6.2002285397496607e+01 79.3923557732 89.5345738458   
268 2144 0.131800463924 50.2356318643 36.5744687145 5.5543881206407292e+01 78.6989051484 87.9352805455   
269 2152 0.15911022778 56.7882070765 36.5744687145 5.1834030797347069e+01 73.4245464498 79.5478459624   
270 2160 0.164352505505 63.5667093857 36.5744687145 5.6065028011173368e+01 69.7656386167 77.269252128   
271 2168 0.192869540949 70.5178524972 36.5744687145 5.0649129199184870e+01 76.4660505291 79.2027757734   
272 2176 0.207340278309 73.8417885193 36.5744687145 6.1272417392181481e+01 68.892291544 82.7239982882   
273 2184 0.200360811509 69.925808508 36.5744687145 4.6913579025669456e+01 63.8004020287 86.3439889226   
274 2192 0.216110400628 71.9434133215 36.5744687145 5.4964817387926253e+01 69.6810243936 94.7531043619   
275 2200 0.219490035359 76.6772454672 36.5744687145 6.8247029730755528e+01 81.1644958883 99.8074838148   
276 2208 0.223364734344 82.8421066386 36.5744687145 5.3519174503835686e+01 65.1898407957 100.904636343   
277 2216 0.185346572856 86.2927606232 36.5744687145 5.4033220424312049e+01 89.1116115647 100.091878138   
278 2224 0.20329674942 85.0226211911 36.5744687145 6.4898606625879296e+01 75.5533595154 95.3977628768   
279 2232 0.208132688783 86.3915418652 36.5744687145 5.3857258675133167e+01 82.0764870504 95.2810528914   
280 2240 0.220640403948 85.2718062824 36.5744687145 7.2339624329509704e+01 79.1339259808 90.5777186384   
281 2248 0.233447932963 84.3774799276 36.5744687145 5.6474577078917470e+01 74.8220200461 88.6319465196   
282 2256 0.211234205608 75.6797373763 36.5744687145 5.2426393589281190e+01 78.1496270788 83.2257537615   
283 2264 0.177054300702 74.116299807 36.5744687145 5.5817350282369823e+01 82.8112969928 97.1267208314   
284 2272 0.179099771248 71.321044245 36.5744687145 5.9835322376982326e+01 69.6899995818 91.0460186277   
285 2280 0.23445085768 74.6866513546 36.5744687145 5.1974969622090370e+01 74.3794006353 84.7976719878   
286 2288 0.215851197554 72.5929497331 36.5744687145 6.0765776714881142e+01 79.8598902462 86.0378581922   
287 2296 0.199778404914 75.8044086808 36.5744687145 6.0507494342614173e+01 68.3170066754 88.4788863978   
288 2304 0.213550930949 77.4763402374 36.5744687145 5.5125161344709852e+01 79.2536702375 93.077065237   
289 2312 0.192597291322 81.0109719057 36.5744687145 6.1134366517972438e+01 84.2583222011 92.1747167205   
290 2320 0.194923046142 76.8257107168 36.5744687145 5.7107262848309823e+01 73.5586196179 91.7228804606   
291 2328 0.175274401406 81.6981064912 36.5744687145 5.6655149126872587e+01 87.6308632132 99.2801966704   
292 2336 0.177881853154 79.3557965212 36.5744687145 6.0957378076412702e+01 72.8266374513 89.4402785777   
293 2344 0.186789087859 72.6968539137 36.5744687145 4.7986059916408905e+01 75.1702873354 93.0894965247   
294 2352 0.204363366448 70.3059083065 36.5744687145 6.1955911864357375e+01 72.6186908755 91.7937368258   
295 2360 0.236271265216 65.8462381767 36.5744687145 5.1119836746181910e+01 82.335028034 86.8745099641   
296 2368 0.221745737035 61.7812547941 36.5744687145 5.1398604021223441e+01 86.5917867762 93.2704176199   
297 2376 0.207558610564 61.6160921954 36.5744687145 6.5941020098131702e+01 80.7310955955 86.4171453514   
298 2384 0.221990245822 61.8938956539 36.5744687145 5.1395658470952853e+01 68.8759984584 97.2442390964   
299 2392 0.219365643924 55.1382911926 36.5744687145 5.8388756982555257e+01 67.1207284225 90.3894220413   
300 2400 0.211491227354 53.8060441713 36.5744687145 5.7266542592700318e+01 81.574807169 96.0661559384   
301 2408 0.22744913377 51.3927380104 36.5744687145 6.0070228769920568e+01 71.8263798791 90.9855807422   
302 2416 0.221144210673 60.3203358964 36.5744687145 4.9393563426508194e+01 68.1718846503 88.7848787864   
303 2424 0.242563972851 64.0882979304 36.5744687145 5.7166403930344124e+01 78.1549722115 84.1590307105   
304 2432 0.239122627601 66.7416996115 36.5744687145 4.9322644628041523e+01 61.2808301732 93.0182016352   
305 2440 0.232457624503 67.8342054519 36.5744687145 5.5761248995765342e+01 79.1765462269 86.3034229416   
306 2448 0.311081609752 63.0527550038 36.5744687145 4.7949383823062178e+01 72.0492646201 91.5953470623   
307 2456 0.300824636789 60.6296945001 36.5744687145 6.0973286853809284e+01 67.8709128387 92.8247192819   
308 2464 0.288529677054 62.1046178814 36.5744687145 4.9759935909917942e+01 72.4248656814 84.3458775204   
309 2472 0.264229241245 62.3560830818 36.5744687145 6.2774124351333398e+01 80.2489039447 94.2766816328   
310 2480 0.262545264493 65.9173216708 36.5744687145 5.1762252475372804e+01 81.0406057551 84.7317419605   
311 2488 0.267153772631 68.2195017773 36.5744687145 6.3646854920694309e+01 74.5223715151 99.8531188905   
312 2496 0.323697112119 69.8931042976 36.5744687145 6.2325500926707463e+01 76.9197177527 91.786848314   
313 2504 0.390888416337 67.7661761916 36.5744687145 7.1156617912028821e+01 83.5789779485 95.322886951   
314 2512 0.405494481334 67.6040245532 36.5744687145 5.5329108676518416e+01 85.940695616 98.8161260736   
315 2520 0.390160012432 67.8520222628 36.5744687145 5.6589475518350227e+01 85.7046432245 91.655481327   
316 2528 0.378033082446 72.48718961 36.5744687145 5.3019798049897851e+01 69.2079532488 94.9404751085   
317 2536 0.363329371096 67.3918885878 36.5744687145 4.5717519238814930e+01 64.2032943816 81.7786409406   
318 2544 0.387766430706 69.2124136092 36.5744687145 5.8060977255496169e+01 74.664027831 84.057486962   
319 2552 0.396537535254 66.5248215612 36.5744687145 5.3423457874020627e+01 74.7770601083 95.997805641   
320 2560 0.380421617877 63.4450981782 36.5744687145 5.1647910220150564e+01 74.7054782381 98.8106043557   
321 2568 0.326405011239 63.1433136214 36.5744687145 6.2497386384324045e+01 76.2980666782 96.8701783389   
322 2576 0.324509516068 62.1980998851 36.5744687145 6.1238554829036545e+01 73.9471338284 91.8508476942   
323 2584 0.381838192935 66.1986829015 36.5744687145 5.2257949961341438e+01 71.2687983637 89.9856531102   
324 2592 0.422576644419 64.1854549215 36.5744687145 4.4605766295173403e+01 78.8764995533 92.3531008533   
325 2600 0.412527506691 64.008172019 36.5744687145 6.1295200426318189e+01 84.1070274276 96.1872132523   
326 2608 0.425581021469 63.179641213 36.5744687145 5.7128541686736739e+01 79.6349478147 90.5468768137   
327 2616 0.481810073793 58.3357604279 36.5744687145 5.5263298857504459e+01 76.9910103319 91.5112605632   
328 2624 0.54329475973 56.7438353982 36.5744687145 5.8967164985122508e+01 78.9235307374 93.8297696085   
329 2632 0.604895666802 62.3047268436 36.5744687145 5.1254366711418072e+01 76.9972151102 94.6318649313   
330 2640 0.616721757496 72.7399145652 36.5744687145 7.2310598054154582e+01 83.753968906 106.962401796   
331 2648 0.713727116002 69.7322607033 36.5744687145 6.9114615694581516e+01 80.2197353433 96.3971924876   
332 2656 0.745052471869 54.6012617626 36.5744687145 5.9353727801524442e+01 75.7399435581 89.0306214104   
333 2664 0.854663440301 50.4654042813 36.5744687145 5.5941220370691916e+01 84.673397307 91.3004172772   
334 2672 0.980328614397 49.5658889979 36.5744687145 5.6489374284136787e+01 84.4502510942 89.9575779865   
335 2680 1.17632535998 49.1398928395 36.5744687145 8.3870046735104793e+01 90.2491750716 97.25784106   
336 2688 1.29859935052 48.4358505097 36.5744687145 6.5647825293023260e+01 86.3394830798 91.1512963902   
337 2696 1.35678159474 42.1172374488 36.5744687145 6.2454006559324640e+01 83.4905749968 94.5282567524   
338 2704 1.46608398386 40.1226554095 36.5744687145 4.5097464665022351e+01 80.7138742364 94.6035698343   
339 2712 1.58353428903 37.0683188155 36.5744687145 6.3226313351008230e+01 77.1009151703 99.9724983023   
340 2720 1.46586684901 35.6804708869 36.5744687145 5.8800190887155189e+01 90.4253530478 100.964986728   
341 2728 1.54173379942 35.4507615044 36.5744687145 5.1102006372007509e+01 76.0679052756 91.0355044078   
342 2736 1.33852915476 36.9755740145 36.5744687145 7.5639224009469018e+01 85.0900254238 99.2735695741   
343 2744 1.04973197397 34.6909026757 36.5744687145 6.3692177881253436e+01 90.3015734125 104.270702145   
344 2752 1.03409106139 36.097700611 36.5744687145 5.2455664451471776e+01 85.3973323618 98.4437692205   
345 2760 1.12540121838 35.5546315452 36.5744687145 6.5913179084347973e+01 78.9931701104 97.420330083   
346 2768 1.17592476099 33.3952207251 36.5744687145 6.1098295796995501e+01 75.4677709459 78.7895300537   
347 2776 0.9962832266 31.6177174808 36.5744687145 5.7629919471740919e+01 71.1140952044 88.0819470285   
348 2784 0.966660464546 32.8331436526 36.5744687145 6.0074454789705833e+01 80.2369841401 88.1404626668   
349 2792 0.915598418227 33.3023180307 36.5744687145 6.7040276699062005e+01 79.2120390599 90.0786912583   
350 2800 0.99639316059 32.4116564291 36.5744687145 6.4865431863844208e+01 92.9688535995 94.5154207898   
351 2808 0.949089390082 33.0588312281 36.5744687145 5.7706011361882418e+01 79.4377484014 88.4149046116   
352 2816 0.840989703245 33.6036732863 36.5744687145 6.4283536853690748e+01 77.8897960909 93.1923615565   
353 2824 0.936036443072 33.7662651373 36.5744687145 5.6454648164167878e+01 81.6289888741 91.1287679855   
354 2832 0.882807018469 33.2636850467 36.5744687145 6.5936812532460507e+01 84.7588636258 95.3196919878   
355 2840 0.883543230704 30.9076303227 36.5744687145 6.2916037859223231e+01 80.4798444985 92.8474759852   
356 2848 0.846563881544 29.3448952845 36.5744687145 5.7210122655970750e+01 82.892827488 93.3550177887   
357 2856 0.842138548373 27.7791846075 36.5744687145 5.3256463619521710e+01 70.8447906377 87.5300455289   
358 2864 0.946979566014 30.904002324 36.5744687145 5.2347495381969864e+01 80.3233558461 92.1305818176   
359 2872 0.933892604569 34.8392639055 36.5744687145 5.9655008889629165e+01 76.7676615405 95.2285859018   
360 2880 1.03400987851 38.4499035371 36.5744687145 5.3802873956862094e+01 81.3001128651 102.442386087   
361 2888 1.08253772467 42.6130511388 36.5744687145 5.5122839843983890e+01 85.1387930887 93.0788561498   
362 2896 1.00194341073 41.5584209474 36.5744687145 5.3674763190945143e+01 91.0579892456 101.8832634   
363 2904 1.01368988148 41.5860787302 36.5744687145 5.7675470008847903e+01 80.7375957513 91.8511075864   
364 2912 0.978880918419 38.2428839576 36.5744687145 5.6995735416500743e+01 81.1959390669 101.555282878   
365 2920 0.898272170396 36.5569452721 36.5744687145 5.3801000086144924e+01 76.4832142905 94.5114802578   
366 2928 0.762903789643 35.911234946 36.5744687145 5.5962751978828400e+01 85.943612635 104.628746901   
367 2936 0.688675442219 33.5906456677 36.5744687145 6.2481221092365828e+01 74.9566097948 92.9085841542   
368 2944 0.622519744278 37.1517226382 36.5744687145 5.8733346229046134e+01 80.22551946 91.3375341472   
369 2952 0.677871510172 35.6651648245 36.5744687145 6.2935925582593782e+01 74.8336563555 82.9064723438   
370 2960 0.614896772361 34.7706787201 36.5744687145 4.4883895091268215e+01 74.8073257049 98.0286396551   
371 2968 0.54274420311 33.8975500602 36.5744687145 5.0518600134309310e+01 71.6401001527 93.9164351007   
372 2976 0.527890630014 34.93968522 36.5744687145 5.5512834947975918e+01 68.8636430657 71.7247039215   
373 2984 0.550535533895 36.0062984674 36.5744687145 6.5707515681828568e+01 80.1897523184 89.3295736981   
374 2992 0.560065538622 37.3428293671 36.5744687145 6.1658990789964051e+01 78.4936491033 98.7571981175   
375 3000 0.492150970738 38.1547190785 36.5744687145 5.2844513067196132e+01 70.3825727738 86.4899892577   
376 3008 0.442906275036 34.7559327594 36.5744687145 5.4931988383583089e+01 79.21014825 93.6555148492   
377 3016 0.426766825319 35.1267250826 36.5744687145 5.5287844683153281e+01 67.5776243482 88.5579487598   
378 3024 0.401265554147 38.4427135118 36.5744687145 6.1724908493346000e+01 80.0596041627 96.2065329597   
379 3032 0.418609416598 38.1976669129 36.5744687145 5.6180854277443274e+01 72.4799723316 89.6200599884   
380 3040 0.408343433354 39.330135012 36.5744687145 6.2925053632283550e+01 82.8472323802 87.3957588192   
381 3048 0.381393860946 38.7603893258 36.5744687145 4.9518908376590844e+01 80.9411418037 90.7312062339   
382 3056 0.356160683682 39.7503290169 36.5744687145 5.6056752580545862e+01 75.8250123191 88.4605926306   
383 3064 0.347322342676 38.9605865744 36.5744687145 4.8331685487902490e+01 62.013137265 85.096720383   
384 3072 0.381931948438 42.480440786 36.5744687145 5.1304321520437043e+01 74.2504858795 87.0187177046   
385 3080 0.411321275891 42.2403911615 36.5744687145 5.3195879720664969e+01 78.736683265 90.4706027955   
386 3088 0.347945069083 43.6743141652 36.5744687145 4.6037441221254788e+01 76.3859742266 84.7843801979   
387 3096 0.365678149919 44.2219034895 36.5744687145 5.2842664379022018e+01 70.0049365431 84.5544989382   
388 3104 0.380459801558 48.8385265607 36.5744687145 5.6764317236648921e+01 78.6767834408 91.491367829   
389 3112 0.390873613147 50.8458262781 36.5744687145 5.4521853272796655e+01 72.5622813099 94.5178991708   
390 3120 0.429251096308 51.5481255731 36.5744687145 5.8818104306271053e+01 69.6645418918 86.2344216336   
391 3128 0.404700467286 49.9649915673 36.5744687145 6.0665553693600316e+01 73.9462791743 87.4394879695   
392 3136 0.362082368901 51.0368605034 36.5744687145 6.2684780170190756e+01 76.3395429354 97.4607562825   
393 3144 0.354645967618 52.2693071718 36.5744687145 7.5127627057243927e+01 81.2386964278 95.5519193357   
394 3152 0.362859567951 52.9157697898 36.5744687145 5.1470322826871687e+01 70.3470159 87.0466853745   
395 3160 0.313364651745 53.7996857892 36.5744687145 5.7463537917158057e+01 80.8716876234 94.3932306163   
396 3168 0.284537620681 50.9771064855 36.5744687145 5.0344343511167885e+01 75.6566930768 95.2397887376   
397 3176 0.264533064176 53.7982738139 36.5744687145 5.5627001700474217e+01 80.5763078343 93.0855315957   
398 3184 0.225747618393 55.6258269442 36.5744687145 5.8227537611472627e+01 77.8511464246 94.8440931977   
399 3192 0.231603219448 56.288194874 36.5744687145 5.5977956134204611e+01 73.2704477849 91.5220944026   
400 3200 0.233563370586 57.5283590428 36.5744687145 5.5659311724017321e+01 79.7634395119 91.4774457325   
401 3208 0.264863610762 62.7282699539 36.5744687145 5.5524015853642382e+01 70.9995444139 77.9314650665   
402 3216 0.281537207329 65.0295565107 36.5744687145 6.2323854224390864e+01 83.5616550624 88.2096136849   
403 3224 0.289273235361 62.689748427 36.5744687145 4.8461190131789841e+01 62.7829990372 78.8398718484   
404 3232 0.275743164019 70.4498590401 36.5744687145 5.5296442258672428e+01 71.2114034987 86.5695793661   
405 3240 0.289596130053 70.5905490574 36.5744687145 4.3232189594827389e+01 75.2793954396 84.9706487796   
406 3248 0.28865650776 73.0131734917 36.5744687145 5.7767013516117942e+01 71.5324735739 87.7189893876   
407 3256 0.273085077 73.696737766 36.5744687145 6.0900634601616957e+01 73.2139832122 81.8703443772   
408 3264 0.262236462919 71.1269969801 36.5744687145 4.8931188656201385e+01 67.5387833939 95.0666846936   
409 3272 0.240733304345 71.0958397717 36.5744687145 5.6543935931213973e+01 74.9424685286 91.6382532798   
410 3280 0.219358437799 73.5082765582 36.5744687145 5.4224712512484473e+01 79.2105721874 90.4714804974   
411 3288 0.220897934126 71.8832733853 36.5744687145 4.3603680473012965e+01 73.0231075455 89.1384624216   
412 3296 0.199195815648 69.4787210743 36.5744687145 5.9260307630549505e+01 78.5355095956 83.1419712006   
413 3304 0.228991643395 70.5411670612 36.5744687145 4.9868548595996288e+01 70.2405666696 84.1253088941   
414 3312 0.260435790176 58.1564040577 36.5744687145 7.0705479290857213e+01 76.0873099584 91.4087410997   
415 3320 0.318318710788 57.8408056893 36.5744687145 5.3717242443965944e+01 85.9568629854 93.6943696372   
416 3328 0.303348178573 52.209003094 36.5744687145 5.2478400997189738e+01 69.9666272886 88.1405794115   
417 3336 0.320777680741 53.877286149 36.5744687145 4.4658099339147313e+01 85.2042994931 92.2955199422   
418 3344 0.346909729141 57.3974815829 36.5744687145 6.3786116699822117e+01 77.4485953315 87.5031956509   
419 3352 0.407890090607 53.3394510433 36.5744687145 5.3460765344137087e+01 68.2515971556 74.2231949359   
420 3360 0.427162275971 60.5861396207 36.5744687145 5.5239101714094076e+01 76.7631136972 89.1984995523   
421 3368 0.482719317873 58.5788327429 36.5744687145 5.9386694453398817e+01 77.0214649922 87.0059062735   
422 3376 0.504854624374 59.9509082488 36.5744687145 4.7515318619563779e+01 62.5271009839 82.2887780994   
423 3384 0.533211542177 61.2020261658 36.5744687145 5.6204764873311206e+01 72.197457024 97.0643883694   
424 3392 0.632979717244 58.5776793295 36.5744687145 5.7026565823992641e+01 74.5880339159 88.1968372963   
425 3400 0.538732443406 56.8623118087 36.5744687145 5.2093712297841314e+01 61.5566358999 84.8679044534   
426 3408 0.489240205199 56.2334242963 36.5744687145 4.9171327462153911e+01 66.0695976667 94.6423139301   
427 3416 0.467633602707 53.4741040162 36.5744687145 5.5489524491517493e+01 72.3829539602 96.5412751665   
428 3424 0.449850831973 57.8496786111 36.5744687145 5.2913917367530594e+01 66.4978964055 84.4337364516   
429 3432 0.44530176434 55.7701075561 36.5744687145 4.9524931795434554e+01 66.3078062257 80.3715467944   
430 3440 0.454920685187 53.6441790158 36.5744687145 5.3597500539326006e+01 68.0142452 79.8230253394   
431 3448 0.528680780196 56.8874536548 36.5744687145 5.5075404010971859e+01 69.4362662144 92.1527090957   
432 3456 0.591108765948 64.228447525 36.5744687145 3.8177955753754553e+01 71.4152998022 87.8203025671   
433 3464 0.602984185211 66.4772167484 36.5744687145 5.3945280575831717e+01 81.1583011516 97.7156003086   
434 3472 0.532616872764 64.7341478414 36.5744687145 6.0757908059498959e+01 73.0013379956 86.5719192516   
435 3480 0.548834491271 63.7116116317 36.5744687145 5.7755018049479432e+01 67.1807509862 88.8570407743   
436 3488 0.51240257357 64.0017968261 36.5744687145 5.7796249782053785e+01 76.2847335627 83.6604047621   
437 3496 0.512770843135 66.0710173911 36.5744687145 5.6731022768642980e+01 69.3592792711 86.9532350258   
438 3504 0.488811053042 68.4712885466 36.5744687145 7.1068434837207434e+01 82.4405715238 101.301302943   
439 3512 0.520720732644 70.4040319415 36.5744687145 3.9443308318182289e+01 66.3449155447 89.6063339546   
440 3520 0.590831593689 67.850781181 36.5744687145 4.7360852719832181e+01 78.7018334351 93.9054350334   
441 3528 0.64039640816 63.0585457763 36.5744687145 6.1914891461583103e+01 78.2664059042 90.4551295485   
442 3536 0.755723121629 65.6441026174 36.5744687145 5.0137310995945789e+01 72.3920670795 83.7389640672   
443 3544 0.786486543399 51.5890702608 36.5744687145 5.6331158009994923e+01 77.26472852 89.6444474158   
444 3552 0.927242132971 50.6566349703 36.5744687145 5.3305913348541310e+01 78.7674884871 90.4160437332   
445 3560 0.913443812596 53.6226072759 36.5744687145 5.1989223610621522e+01 74.0734654186 96.3880327747   
446 3568 1.00461665826 53.3373985748 36.5744687145 5.3914789928981236e+01 77.5842561473 85.5077100512   
447 3576 1.12179018184 58.4846971079 36.5744687145 5.3899783155602108e+01 80.2195184661 88.1337176453   
448 3584 1.0129414823 61.9759508445 36.5744687145 6.3621954086511067e+01 79.2987422554 94.9958204306   
449 3592 0.845274518784 63.2227958687 36.5744687145 4.8561931577809801e+01 72.5227009582 120.346399249   
450 3600 0.784959719346 61.4983733235 36.5744687145 5.3180133916662371e+01 74.0742914436 93.7736386191   
451 3608 0.756473434131 58.0388173731 36.5744687145 4.9588401882711814e+01 83.5480123585 91.9895076844   
452 3616 0.697703040966 59.6892861704 36.5744687145 5.4852065102519418e+01 66.8498974528 93.586744868   
453 3624 0.790530756601 59.66029101 36.5744687145 5.5302573345855244e+01 65.2254024868 78.3260932245   
454 3632 0.760851067224 62.0463203236 36.5744687145 5.8180049470250019e+01 72.7382939091 94.4854981348   
455 3640 0.789582781496 61.4078899398 36.5744687145 6.1135697380733212e+01 72.94220354 86.1813098202   
456 3648 0.830281195107 66.0070013902 36.5744687145 4.2379593988145352e+01 67.8297271859 83.1285218356   
457 3656 0.84415777497 66.6403921554 36.5744687145 4.8691274493727214e+01 78.1774579604 90.0437734516   
458 3664 0.872641317852 66.6415958014 36.5744687145 5.2245874040984489e+01 61.2380615573 85.038531078   
459 3672 0.94790701537 71.1646577099 36.5744687145 4.7828495750305670e+01 66.4387359086 97.0359430205   
460 3680 0.922263022557 72.8097290812 36.5744687145 4.6591474422403181e+01 79.3754946382 87.1920408096   
461 3688 0.815852874379 67.9706936671 36.5744687145 5.9683879056676105e+01 66.7015227753 97.7778807332   
462 3696 0.838283384497 67.2660847596 36.5744687145 5.0718177605472867e+01 67.8030446844 74.7668536291   
463 3704 0.737756501932 69.5231020277 36.5744687145 6.5060269402748631e+01 73.6669469123 90.3001961661   
464 3712 0.765534107302 68.7466254463 36.5744687145 5.3804611264427095e+01 75.1141050467 83.9605572934   
465 3720 0.854515149727 72.4945735641 36.5744687145 5.5211286090636889e+01 67.6636949487 96.1485616311   
466 3728 0.785960462124 72.2388505297 36.5744687145 4.0123720301918205e+01 79.2665318914 95.8000626049   
467 3736 0.671349806078 71.6230340622 36.5744687145 4.8479939106908304e+01 62.8362049069 86.4532054816   
468 3744 0.561688171024 71.5448223269 36.5744687145 4.8317200802505354e+01 79.598394971 85.1855536217   
469 3752 0.58973350017 69.6060227736 36.5744687145 4.3474203887136333e+01 79.2558936945 87.8360713434   
470 3760 0.668103198503 67.3110230474 36.5744687145 5.5059618118201314e+01 69.499081144 90.7898477997   
471 3768 0.734683733238 68.2087581783 36.5744687145 5.8389126692312736e+01 70.2181618071 76.7560987668   
472 3776 0.843374160896 70.831225191 36.5744687145 4.7730070075633698e+01 67.6891201798 91.7590367295   
473 3784 0.790643102726 77.9224516433 36.5744687145 5.4434446158104898e+01 76.448461635 87.4701279477   
474 3792 0.839899911009 88.6125495571 36.5744687145 5.2142333042294652e+01 70.9690090572 94.1789542456   
475 3800 0.807704566409 75.7432271768 36.5744687145 5.1263123948612701e+01 81.1067766605 88.5835980253   
476 3808 0.801450537058 77.0999184298 36.5744687145 3.9727580969603110e+01 65.7620975642 90.4058401645   
477 3816 0.763126858767 76.1391649543 36.5744687145 5.3033834565389881e+01 71.2915774474 91.2535306185   
478 3824 0.653276014046 73.1570641399 36.5744687145 4.8332504691728019e+01 85.0566115741 96.3359091965   
479 3832 0.600392632082 72.569587444 36.5744687145 5.7592037505729564e+01 80.089840632 85.4281672904   
480 3840 0.59899110784 75.8623080864 36.5744687145 6.4358937005329366e+01 79.8423423416 97.0220060694   
481 3848 0.573352860425 83.7849707878 36.5744687145 5.1511439622158960e+01 79.8488474575 90.8840116567   
482 3856 0.57537111516 81.8419249804 36.5744687145 6.7101371826251395e+01 78.30275499 94.8728688839   
483 3864 0.540434803554 80.3803236397 36.5744687145 5.0449690306169686e+01 68.5784395437 80.8463310768   
484 3872 0.497465192114 82.695397616 36.5744687145 5.1557063767922919e+01 68.955740891 92.2684977644   
485 3880 0.530301349738 80.2693017227 36.5744687145 5.3815946305947769e+01 70.8952532919 90.134274827   
486 3888 0.49748252126 74.6012823995 36.5744687145 6.2856147523441436e+01 86.1485210881 100.203220318   
487 3896 0.441964912136 72.1939138627 36.5744687145 5.1791418833188800e+01 65.0794868959 85.4613325158   
488 3904 0.410364380308 73.2148317904 36.5744687145 4.8733261204425801e+01 76.7334271081 99.5001594145   
489 3912 0.449391897573 75.3764134348 36.5744687145 5.2468208405189046e+01 64.6072750572 84.0337247175   
490 3920 0.603386739868 71.5637902862 36.5744687145 5.0201006791852791e+01 59.3308124712 92.7351428103   
491 3928 0.755996533703 69.9227841819 36.5744687145 5.5238161034104010e+01 68.4978881713 76.144877657   
492 3936 0.822553905769 64.2195493492 36.5744687145 4.8505582443649651e+01 64.6617068895 81.2935087592   
493 3944 0.862684249827 65.5806161485 36.5744687145 5.3439808879730109e+01 72.0180476391 82.9261947042   
494 3952 0.904436689185 70.3231205626 36.5744687145 6.1033500582357057e+01 78.0287168652 83.0140997977   
495 3960 0.843395577342 67.1674432389 36.5744687145 5.7501032021547928e+01 72.3198162098 92.8108331611   
496 3968 0.899726519777 64.5530390779 36.5744687145 4.9912495468647712e+01 72.6848489744 91.7180320349   
497 3976 1.09181612164 66.7989493522 36.5744687145 5.0827213631456409e+01 74.1638423179 91.4012233141   
498 3984 1.27142240469 63.4716476787 36.5744687145 5.5529682358992410e+01 82.886360401 89.0918017253   
499 3992 1.32115798466 68.9916131481 36.5744687145 6.1202161421729166e+01 81.7714783555 91.8391355662   
500 4000 1.42549070595 69.2300765503 36.5744687145 6.3268798197673156e+01 82.2708935024 91.4229752176   
501 4008 1.58477540833 79.2328842438 36.5744687145 6.2016693819603361e+01 85.6534410471 91.8440965508   
502 4016 1.53710135147 91.5012077529 36.5744687145 6.1460652586502590e+01 90.0763310496 102.899444237   
503 4024 1.25736527975 96.1653838089 36.5744687145 6.0026480324793987e+01 75.9465147387 96.296497718   
504 4032 1.16799480127 98.6857119252 36.5744687145 5.0465438876024535e+01 71.1682891312 88.0520898934   
505 4040 1.0371791573 95.5961289352 36.5744687145 5.4383945327656527e+01 73.7455829687 87.0279490979   
506 4048 1.06765021189 95.1177643313 36.5744687145 6.5711480743792663e+01 68.404636026 105.843934067   
507 4056 1.12547782132 90.2381910004 36.5744687145 5.5571718872038673e+01 84.4622156687 92.9984243118   
508 4064 1.48172316081 89.759495734 36.5744687145 4.3478336433652274e+01 67.3642674674 85.849399638   
509 4072 1.74827400679 90.5600681054 36.5744687145 4.9023140400222815e+01 84.7228835474 94.4701487206   
510 4080 1.89598315152 89.2220709939 36.5744687145 5.4794671746600955e+01 77.6920524427 94.8150263941   
511 4088 1.9651903538 87.9146773619 36.5744687145 4.4084319767980283e+01 68.6525355007 88.2645176861   
512 4096 2.01996985713 88.8512917297 36.5744687145 6.8848968873619981e+01 84.1128149375 96.4212326101   
513 4104 2.16109354351 90.3210273635 36.5744687145 5.0619612212675307e+01 82.5871764433 98.2995328103   
514 4112 2.57278353949 92.2916801186 36.5744687145 5.8963836285430226e+01 69.8308407897 92.041999058   
515 4120 2.74879562069 87.6334718463 36.5744687145 5.5964420092009291e+01 69.8982747728 84.2357313116   
516 4128 3.11349049298 78.4434471045 36.5744687145 6.3309656446463435e+01 80.2069416132 89.4849579993   
517 4136 2.91677198059 74.2866595979 36.5744687145 4.6783448071262690e+01 79.7336167482 95.151876998   
518 4144 2.8178440277 71.3095392137 36.5744687145 4.7797930576496960e+01 74.5414506486 82.4707886029   
519 4152 3.01755984127 67.3601974686 36.5744687145 5.4105693775038183e+01 84.0229656254 100.617414371   
520 4160 2.71052137302 61.6700917617 36.5744687145 5.9792413951380965e+01 80.4356435511 94.138461637   
521 4168 2.18677428828 62.3161116945 36.5744687145 7.3409629094232713e+01 85.9707274159 94.2086987771   
522 4176 1.95816677413 61.0777460533 36.5744687145 5.3214785422757970e+01 69.0882281556 94.8803535248   
523 4184 1.68111765075 60.6807800488 36.5744687145 6.0510919867645491e+01 74.7769153456 103.778175747   
524 4192 1.55676228084 64.9338840351 36.5744687145 5.9118787798602860e+01 74.8498039444 89.1651962571   
525 4200 1.31635720294 65.155511689 36.5744687145 5.2010098407739058e+01 83.814405728 90.2151185376   
526 4208 1.26184748044 66.2148940825 36.5744687145 5.5054524787902203e+01 81.4134135992 88.3863653147   
527 4216 1.12067203988 64.7318933748 36.5744687145 5.3994191965680088e+01 76.2991850271 89.2876833412   
528 4224 1.15301032191 68.1955813784 36.5744687145 4.8435610121819188e+01 73.5408118697 79.2855341976   
529 4232 1.12247211786 69.8347506068 36.5744687145 5.8756535996235897e+01 88.0982845137 93.6733313308   
530 4240 1.08690119253 68.2339933563 36.5744687145 6.1151502902179416e+01 74.5094465743 93.1137264813   
531 4248 0.958757133792 72.8035662014 36.5744687145 5.2568652042818073e+01 76.0952964555 94.4708146708   
532 4256 0.735047126558 72.0368613238 36.5744687145 5.1016875730046500e+01 83.9071070237 99.1238364447   
533 4264 0.705902654142 71.703983198 36.5744687145 4.8020253619768077e+01 89.2285076851 97.4900743637   
534 4272 0.667234446831 71.6151533931 36.5744687145 5.4082675674443330e+01 73.8235706458 88.9011466922   
535 4280 0.648967021855 72.7423710567 36.5744687145 5.0858579143828692e+01 69.8179866098 96.7686742909   
536 4288 0.680339874065 75.9623078123 36.5744687145 5.5930097035526614e+01 71.4047507041 97.4277253522   
537 4296 0.675488143545 73.191647181 36.5744687145 5.1359160443325280e+01 80.8406114338 98.0849850389   
538 4304 0.636802974319 79.570284544 36.5744687145 6.6214354426417259e+01 81.19309229 87.0122409491   
539 4312 0.622662277541 83.061858473 36.5744687145 5.3260855014504685e+01 82.6609614135 92.1269262111   
540 4320 0.551402234329 83.3610788015 36.5744687145 5.1599848765308828e+01 74.9969401927 88.4376916486   
541 4328 0.528244871994 83.0766845222 36.5744687145 6.6094235852743509e+01 76.0937315472 94.4946007273   
542 4336 0.506854077967 86.89839712 36.5744687145 5.4717736143831424e+01 76.0835361983 84.1353012778   
543 4344 0.458846268755 84.4255056364 36.5744687145 4.9538240113226536e+01 80.3307155486 90.2653829464   
544 4352 0.43654320779 86.5612728594 36.5744687145 4.9438758032191537e+01 62.7299822804 88.063778066   
545 4360 0.404313400124 95.043162321 36.5744687145 4.1977581133456148e+01 72.5402586935 87.7099260161   
546 4368 0.375545623461 88.0189973171 36.5744687145 6.5030181483528054e+01 79.0201102332 93.9418319808   
547 4376 0.319186827476 86.8837212892 36.5744687145 6.0291238917779850e+01 79.5959512585 93.2607119718   
548 4384 0.293181581814 87.5668086589 36.5744687145 7.2237365432433663e+01 84.0520202111 92.2888516311   
549 4392 0.29309451303 92.0937411223 36.5744687145 6.4359697934771347e+01 75.8951598273 102.313752795   
550 4400 0.3188358381 89.842060315 36.5744687145 6.2179058294372169e+01 90.7437334031 93.7698369528   
551 4408 0.304301162656 91.1648568136 36.5744687145 5.5918255439784062e+01 73.2726472726 93.3255248192   
552 4416 0.311236183011 92.1429917037 36.5744687145 6.1970192625434137e+01 81.750083702 93.5663947187   
553 4424 0.33963548588 82.3581361394 36.5744687145 5.2442885040020016e+01 85.5253490223 91.8991111879   
554 4432 0.295422902054 88.9878344132 36.5744687145 5.8237369777653313e+01 66.6300964434 84.1485943767   
555 4440 0.290333720964 86.9088420024 36.5744687145 5.4270317167617875e+01 79.5540299387 104.624106739   
556 4448 0.250293109019 86.4657352312 36.5744687145 5.1984277320600455e+01 76.5046009301 94.4145473281   
557 4456 0.273050409743 83.3591370334 36.5744687145 6.0446622987536202e+01 76.726232983 89.905659393   
558 4464 0.30103879867 95.0047969061 36.5744687145 5.5135769125666080e+01 80.2004297745 89.3348277311   
559 4472 0.266404072505 102.828256927 36.5744687145 4.9737600621997927e+01 71.9072662452 99.2805211471   
560 4480 0.276439868996 106.305807525 36.5744687145 5.6138399277879188e+01 70.4510272267 88.4716372385   
561 4488 0.294470951614 105.242126945 36.5744687145 5.3989435282399306e+01 83.9608500034 94.6957897601   
562 4496 0.291734986559 107.970275528 36.5744687145 5.1619406656831842e+01 79.9449463476 87.8663002332   
563 4504 0.272051295129 111.763883673 36.5744687145 4.9625506046912740e+01 71.9876661359 98.0390669902   
564 4512 0.226035376055 111.195890426 36.5744687145 5.2109700427700545e+01 62.4144032622 85.0090458296   
565 4520 0.217163079818 109.678077068 36.5744687145 6.2954743350451210e+01 75.7838153666 92.4190944351   
566 4528 0.176351013925 110.970247174 36.5744687145 5.4378886588129646e+01 69.3046299137 88.7315829861   
567 4536 0.18966364964 114.047615835 36.5744687145 5.6244711037777272e+01 80.2633209934 89.6656015688   
568 4544 0.16831136574 128.5195956 36.5744687145 5.3150506638971173e+01 79.3314153749 93.8941517332   
569 4552 0.203344057024 133.667554129 36.5744687145 6.3641769402715511e+01 79.2022736949 91.0940947376   
570 4560 0.194775463033 143.480296682 36.5744687145 5.4647838944183626e+01 68.8433747148 97.8433448485   
571 4568 0.173234375861 142.822210265 36.5744687145 5.9368375945496140e+01 82.5823790035 85.4648908604   
572 4576 0.171481615953 136.01063202 36.5744687145 5.3877116512464930e+01 79.4395184143 96.3445637291   
573 4584 0.172711016931 130.684974957 36.5744687145 4.7578879012753376e+01 68.6650095154 82.5610724791   
574 4592 0.153668189666 134.271493019 36.5744687145 5.4326375619610033e+01 78.7496305286 89.9164872313   
575 4600 0.157978395905 132.721461205 36.5744687145 5.2680292096601541e+01 71.9378156091 91.5812507852   
576 4608 0.162750723347 136.894791101 36.5744687145 5.3159723629472253e+01 85.6414433358 93.1546508145   
577 4616 0.153765542352 122.277411226 36.5744687145 5.3782124203380803e+01 86.646288664 97.7978890415   
578 4624 0.14778124748 118.664622979 36.5744687145 6.0316942081802353e+01 68.8667116267 79.6344996129   
579 4632 0.148283404357 115.583439737 36.5744687145 7.1499118419744505e+01 88.7331457161 96.0471214069   
580 4640 0.166522611525 129.332541607 36.5744687145 4.8277310521198686e+01 61.3785711305 95.1261226579   
581 4648 0.147653120716 119.872828097 36.5744687145 6.1200095595745609e+01 69.6657688786 81.4211835184   
582 4656 0.145385694769 117.170855817 36.5744687145 5.0117412099313405e+01 58.8151081677 83.4107312679   
583 4664 0.117097899904 116.27213884 36.5744687145 5.9645359068244026e+01 83.8450025458 91.5551881089   
584 4672 0.125716435793 114.805203289 36.5744687145 5.4634089298093251e+01 73.8239852823 85.8802084643   
585 4680 0.141300065149 136.971410729 36.5744687145 5.7474038548187202e+01 79.3854838166 88.8013447682   
586 4688 0.147558036068 146.547074625 36.5744687145 4.9235786380700667e+01 84.5341691398 101.918005393   
587 4696 0.143246679734 159.584344841 36.5744687145 7.1023454289996891e+01 84.607933577 88.6938450508   
588 4704 0.141323191656 176.143833891 36.5744687145 5.0082611819151033e+01 66.0984877534 86.2776997209   
589 4712 0.160232379192 174.756418187 36.5744687145 6.0758855775432011e+01 67.4599844526 89.2859144506   
590 4720 0.171676632682 162.477507533 36.5744687145 4.6769403455746179e+01 71.331855012 95.3268888888   
591 4728 0.224644630348 139.516718549 36.5744687145 5.6077164753914062e+01 71.216176547 97.3413745519   
592 4736 0.214944477003 151.349426066 36.5744687145 5.1366763948170984e+01 67.3569651959 78.3162608406   
593 4744 0.215454150743 149.855574738 36.5744687145 5.8611674027610441e+01 83.9317705189 98.563871566   
594 4752 0.240656823549 165.647283526 36.5744687145 4.7261559562344857e+01 80.1279728137 90.9218875874   
595 4760 0.242153707972 192.366811541 36.5744687145 4.0212154545549005e+01 72.2082407098 92.9613348663   
596 4768 0.241210664036 203.41761349 36.5744687145 4.9510807145038186e+01 77.3187576313 87.1483944943   
597 4776 0.238585511755 210.022590991 36.5744687145 6.6161334099132432e+01 77.8311239342 86.7375800586   
598 4784 0.240005496049 206.515863768 36.5744687145 5.8223942839097127e+01 79.8117562964 89.261995262   
599 4792 0.258413990913 207.480957934 36.5744687145 5.2267521911635043e+01 65.8161035889 94.5155740094   
600 4800 0.290378672047 215.636100589 36.5744687145 6.4836203146819898e+01 81.4511533723 88.9450357798   
601 4808 0.299622860866 221.19886031 36.5744687145 4.7434960086239215e+01 85.8970876318 91.1347190711   
602 4816 0.26440138112 215.21654434 36.5744687145 5.8927868730756302e+01 65.6699513207 89.2181123426   
603 4824 0.233695411738 210.305184589 36.5744687145 4.7654188920145799e+01 68.6626969295 94.3421894944   
604 4832 0.195219553695 210.534974098 36.5744687145 5.0172259954786519e+01 76.6475041303 85.4643039155   
605 4840 0.196317509234 221.998310887 36.5744687145 5.6212183776932065e+01 82.1251767451 96.6484342975   
606 4848 0.188470995594 221.889163039 36.5744687145 5.2534797018050632e+01 67.0671449742 90.8627096589   
607 4856 0.169805927528 211.137893713 36.5744687145 6.1816447660150367e+01 74.5408674817 92.4711044818   
608 4864 0.183715412085 225.731542273 36.5744687145 5.8563263673100906e+01 75.1837506702 95.8587659944   
609 4872 0.172303309438 235.954128802 36.5744687145 5.3153895862364365e+01 81.3527002219 88.2314928616   
610 4880 0.148429408224 228.764684501 36.5744687145 4.8299063874031440e+01 83.805910681 97.7914170789   
