% # columns=["iteration, evaluation, sigma, void, void,  stds==sigma*sqrt(diag(C))", seed=985740, Sun Dec 16 04:59:11 2018
1 8 0.405962204491 0 0 0.390079299739 0.388104049278 0.399880180718 0.389608324062 0.388613302851
2 16 0.382303938871 0 0 0.362223750195 0.358390419315 0.378595480428 0.351774256354 0.369202733377
3 24 0.349717738358 0 0 0.324686794739 0.32023065445 0.340867263777 0.311015244092 0.335980116373
4 32 0.291065352429 0 0 0.262009936004 0.261971600295 0.270577652843 0.247181687088 0.280467008487
5 40 0.316521962844 0 0 0.289690189234 0.317277223736 0.28667291126 0.261214832962 0.311207011081
6 48 0.297708727965 0 0 0.280104131454 0.29646969236 0.263114140602 0.237136252353 0.2868667064
7 56 0.287168651516 0 0 0.26713978918 0.279967504568 0.237839735285 0.232007303224 0.279364694758
8 64 0.261226557654 0 0 0.244275146551 0.24524295143 0.208871299789 0.203394023352 0.237015572429
9 72 0.249881472998 0 0 0.2393711917 0.237907273515 0.186196011315 0.187003589087 0.223449654096
10 80 0.264514899783 0 0 0.244980273718 0.244066070809 0.188527161101 0.193086707871 0.269567720674
11 88 0.229668483723 0 0 0.205498634366 0.202742044358 0.157811888505 0.163532268954 0.229773967318
12 96 0.199804358507 0 0 0.177310482809 0.165890541448 0.134836461465 0.140240029323 0.192536233664
13 104 0.185943933263 0 0 0.157186004792 0.146705729824 0.126901891005 0.129839986341 0.16897807799
14 112 0.162566999203 0 0 0.136105002405 0.124109962022 0.114943987235 0.109648972816 0.142750763369
15 120 0.15256241767 0 0 0.131441048767 0.114296649676 0.10483296219 0.0995121445133 0.135081266844
16 128 0.145349007513 0 0 0.119463889915 0.107656517261 0.0941886138778 0.0960745163381 0.13089429635
17 136 0.132521056762 0 0 0.103567246938 0.0986463498369 0.082747768232 0.0860809469004 0.117032644822
18 144 0.126192828517 0 0 0.102474126399 0.0983047708783 0.0744559262833 0.0805767619633 0.108201711366
19 152 0.123205338601 0 0 0.103549314282 0.102621303348 0.069989874749 0.0788424179197 0.107689492643
20 160 0.107689233367 0 0 0.0940797829011 0.0875389941328 0.0584972830578 0.067008746811 0.091555708844
21 168 0.107202783198 0 0 0.0936609927645 0.0877976664411 0.0550529878051 0.0689471389927 0.0879951155944
22 176 0.104820911543 0 0 0.0904245961306 0.0836919215126 0.0553832918803 0.0647991708122 0.0841310877309
23 184 0.0981311907657 0 0 0.0811992777366 0.0745379599664 0.0503287877383 0.0585839042469 0.0812299531635
24 192 0.106200532968 0 0 0.0892309911151 0.0857345703064 0.0535714095378 0.0647188922041 0.0860398250645
25 200 0.0929613227323 0 0 0.0755921893763 0.0723981669027 0.0458139053051 0.0561702838371 0.0722824839365
26 208 0.0772356699443 0 0 0.0598260212036 0.0583601538024 0.0368968887293 0.0448247523372 0.059358954589
27 216 0.06982988747 0 0 0.0512505455754 0.0510329545565 0.0322452484495 0.0391227136118 0.0567697849121
28 224 0.0708578075692 0 0 0.0508917050153 0.0520824466158 0.0331351178164 0.039652148923 0.0526454594479
29 232 0.0709272170443 0 0 0.0514911618747 0.0529431097645 0.0347772487472 0.0384184366201 0.050705810354
30 240 0.0676139100925 0 0 0.0502818627242 0.0491903612743 0.0317973337648 0.0383427548573 0.0473830524601
31 248 0.0659365583074 0 0 0.0470601725181 0.0468011533178 0.0304462826593 0.0366186214623 0.0461976210642
32 256 0.0613871543744 0 0 0.041386828027 0.0422408960176 0.0282133408399 0.0337467877207 0.0423413251731
33 264 0.0650178108749 0 0 0.0449306825951 0.0436297792923 0.0307295788776 0.0339438186324 0.0460063435602
34 272 0.0646684257562 0 0 0.0466849007239 0.0435222400101 0.0300895335605 0.0338242868384 0.0464213082275
35 280 0.0753576466788 0 0 0.0530967617809 0.0485203395501 0.033789111168 0.0488473530182 0.0558642322153
36 288 0.0663443040166 0 0 0.0446243330687 0.041959057295 0.0283443785215 0.0434150114708 0.0480383854961
37 296 0.0567180975997 0 0 0.0363987533947 0.0345111978712 0.0234086924965 0.0349482072993 0.0399097623064
38 304 0.0549150376839 0 0 0.0356042502219 0.0324840077775 0.0223714586869 0.0351100856428 0.0388618970338
39 312 0.0540757732712 0 0 0.0341772140163 0.0331461366211 0.0216869949647 0.0366167506466 0.0361870960877
40 320 0.0512381493481 0 0 0.0324728359078 0.0317977965837 0.0207701142174 0.0330800205333 0.035360793737
41 328 0.0484164234957 0 0 0.0299310300211 0.0285538301539 0.0201669452461 0.030076275107 0.0342419122372
42 336 0.0485447773867 0 0 0.0286828252713 0.0282073182069 0.0194296244644 0.0290300922807 0.0368860079737
43 344 0.0443357732664 0 0 0.0246053326453 0.0254865706745 0.0169817239717 0.0256532731113 0.0328212918517
44 352 0.0395540947793 0 0 0.0212293379231 0.0220058684953 0.0143253649684 0.0214194814682 0.0286034695872
45 360 0.0378924082351 0 0 0.0201025529878 0.0227291249384 0.0130637371262 0.0198766567605 0.026427551299
46 368 0.03622400474 0 0 0.0195696061972 0.0208614421149 0.0121539176732 0.0182774325824 0.0240565184351
47 376 0.0363252825233 0 0 0.0191464441017 0.0209546338476 0.0116218143826 0.0178937477684 0.026137555264
48 384 0.0333834165442 0 0 0.0186073201866 0.0190933038408 0.010168074029 0.0157534785242 0.0234770945245
49 392 0.031510880261 0 0 0.0166629754049 0.0169866064182 0.0094748565585 0.0142617554982 0.0219566047845
50 400 0.0315234828511 0 0 0.016338661467 0.0182543867021 0.00891882273765 0.0139793712778 0.021608606382
51 408 0.0357546297923 0 0 0.0181381153683 0.0228144164924 0.00989139979202 0.0162891037599 0.0260437627585
52 416 0.0394027496517 0 0 0.0199788307402 0.0279179735805 0.0108643314666 0.018058745451 0.0303961667133
53 424 0.0406957950572 0 0 0.0211276789783 0.0295221782246 0.0111465765135 0.0176808488093 0.0314803951259
54 432 0.0424953282986 0 0 0.0223561411261 0.0305053543296 0.0124727975015 0.0176953569509 0.0329184955003
55 440 0.0389829661443 0 0 0.0197455635113 0.0275646636101 0.0111982661673 0.0159347382852 0.0293142158177
56 448 0.0380795070733 0 0 0.019705601524 0.0255676703825 0.0104079239544 0.0149853642268 0.028547578473
57 456 0.0395483212512 0 0 0.0210714621521 0.0260746607201 0.0100283986811 0.0147655199993 0.0311798523987
58 464 0.0439656981964 0 0 0.0248939988822 0.0284741327353 0.0112378280989 0.0171071903799 0.0356211630954
59 472 0.048641832242 0 0 0.0276117425951 0.0301094375167 0.0141096721479 0.0190811115243 0.037729957178
60 480 0.0485445124883 0 0 0.026105606701 0.0296024561402 0.0141964074309 0.0186930759968 0.0384674277347
61 488 0.0503328896572 0 0 0.0254525818919 0.0318959960018 0.0153337610648 0.0197900348421 0.0416122714331
62 496 0.0451248886204 0 0 0.0227794808207 0.0280992812545 0.0136074298978 0.0172590935844 0.0360420183695
63 504 0.042814048359 0 0 0.0218924831871 0.0257734071084 0.0125912693223 0.0158899806775 0.0319018435017
64 512 0.0418841507765 0 0 0.0216933713833 0.0235367177184 0.0117836948771 0.0146538098707 0.0294228987092
65 520 0.0456557909014 0 0 0.0241436917124 0.0247789128621 0.0134623422716 0.0151528084702 0.0330324044981
66 528 0.0539847491279 0 0 0.0352591454608 0.0316030460231 0.0157343519035 0.0175471262119 0.0388838756039
67 536 0.0522851946303 0 0 0.0332434046772 0.0298778367156 0.0149143984432 0.0162112056741 0.0361792218758
68 544 0.059313665858 0 0 0.0403644907249 0.0390895238074 0.0161250295132 0.0172029369678 0.0451347374272
69 552 0.0643548312287 0 0 0.0437333350505 0.0449052000957 0.0185647113063 0.0175910188105 0.0490306754576
70 560 0.0721120733554 0 0 0.0495076878356 0.0569255158086 0.0204453420743 0.019191350488 0.0591928969711
71 568 0.066417352218 0 0 0.0446212911088 0.0499553856679 0.0183603920128 0.0169164204298 0.0533931539718
72 576 0.0597654272857 0 0 0.0390994085718 0.0432416672693 0.0162465944571 0.0141925418766 0.0482712482001
73 584 0.0584525571141 0 0 0.0385008912131 0.0414448568187 0.0151860384643 0.0132790270168 0.0463519720437
74 592 0.0576083852453 0 0 0.0376980921969 0.04407151246 0.0151623575977 0.0125068701226 0.0449464784493
75 600 0.0614501145734 0 0 0.0403400331544 0.0449151404213 0.0172957513257 0.0142444589877 0.0500809508825
76 608 0.0621301577266 0 0 0.0391228201344 0.0452043295525 0.0186694222398 0.0146087675021 0.0518333673151
77 616 0.0710247525433 0 0 0.0477702483088 0.050555913034 0.0236592718566 0.0195517159207 0.0592150591973
78 624 0.0685838326528 0 0 0.0441320796133 0.0494942139789 0.0224384614956 0.0188988940087 0.0593717096884
79 632 0.062229132653 0 0 0.03979041524 0.0448621091773 0.0199411365847 0.0166570895863 0.0526018702965
80 640 0.0640217936352 0 0 0.0420079492134 0.046206052296 0.0207107531209 0.0167945776998 0.0532079922945
81 648 0.0633743545274 0 0 0.0418147068947 0.0450021883154 0.0199241621619 0.0160740700019 0.0506396339704
82 656 0.0681622405979 0 0 0.0473896878119 0.0467110579587 0.0207767923047 0.0165949736801 0.0588992851532
83 664 0.0595844696815 0 0 0.0420403023999 0.0408542556488 0.0173528902156 0.0135436289445 0.0499665017098
84 672 0.0477539192568 0 0 0.0330664531074 0.0314961236681 0.0133256097929 0.0105747564642 0.0378839496344
85 680 0.0451882834147 0 0 0.0302911273693 0.0289107342096 0.012297684321 0.0100682762265 0.0359093597539
86 688 0.0460719713656 0 0 0.0322569036247 0.0286353051926 0.0115926252393 0.0101352183806 0.0342302404817
87 696 0.0448201976309 0 0 0.0310409017025 0.0270953319383 0.011204257587 0.00950602107428 0.0317242861892
88 704 0.0454027265992 0 0 0.0313538043813 0.026717731258 0.0115393297876 0.00912789316384 0.0317902128721
89 712 0.0459084894404 0 0 0.0312693266794 0.0276716940499 0.0112870576642 0.00893476099443 0.0332030237001
90 720 0.0391298179512 0 0 0.0260564305881 0.022207689218 0.00944497129252 0.00760753517963 0.0270830542029
91 728 0.0349831095921 0 0 0.0222567468241 0.018505181743 0.00819682803484 0.00699641704053 0.0231161953958
92 736 0.0347600215478 0 0 0.0227794117996 0.0179982613177 0.0077676282911 0.00753619338601 0.022232756734
93 744 0.035004681 0 0 0.0228142506638 0.017428850532 0.00775478904869 0.00740320556126 0.0215813883945
94 752 0.0352142440994 0 0 0.0221434601012 0.0181167812709 0.00743952299597 0.007060848962 0.0209427261653
95 760 0.0367029299592 0 0 0.0221869790158 0.0202830650794 0.00786668372922 0.00774879938416 0.0235860497135
96 768 0.0358214423666 0 0 0.0215048310091 0.0198350627951 0.00747100910663 0.00738538213955 0.0224377737862
97 776 0.0323239497045 0 0 0.0192631810115 0.0173298561446 0.00653945858713 0.00659623816979 0.0196566894845
98 784 0.0322936852753 0 0 0.0189191858546 0.0168984131086 0.00624308659095 0.00631356057511 0.0196771510331
99 792 0.0430000988238 0 0 0.0258554984476 0.0222633791086 0.0084947471467 0.00835811158019 0.027636555058
100 800 0.0520862114402 0 0 0.0329861415678 0.0261912437916 0.0110225823212 0.0114384787572 0.0317798610289
101 808 0.0631122315333 0 0 0.041719098436 0.0332874649727 0.0132641842526 0.0146708269842 0.0382390721933
102 816 0.0723200721868 0 0 0.0513623272529 0.0378815553449 0.0149147338701 0.0190291398388 0.0438174410512
103 824 0.0766280374688 0 0 0.0524723587074 0.0397062314752 0.0148465911602 0.020143072326 0.0454025292492
104 832 0.0753676667813 0 0 0.0518249188273 0.0379062839753 0.0140887810913 0.0197444247878 0.0426907515426
105 840 0.0749945918721 0 0 0.0499288632383 0.0370626275816 0.0139721762148 0.01952553329 0.0395749328602
106 848 0.0733878310969 0 0 0.048613486397 0.0353115443785 0.0143685151422 0.0194160112553 0.0403383567599
107 856 0.0765916403762 0 0 0.0475306714882 0.0372377051082 0.0141367869147 0.0191009263186 0.0407100977294
108 864 0.0743176059464 0 0 0.0437551760547 0.0362629846758 0.0139144469093 0.017993842924 0.0396213585415
109 872 0.0694618627048 0 0 0.0398746577634 0.0336705167994 0.0130983720935 0.0164722409822 0.0362279232512
110 880 0.0612008689287 0 0 0.0350157355368 0.0288585254157 0.0109761754914 0.0141886751185 0.0309652017216
111 888 0.0559681044442 0 0 0.0318064802617 0.0250481464575 0.00995140044841 0.0130059867356 0.0267008596888
112 896 0.0662635717025 0 0 0.0368640158891 0.0324523215085 0.0113997424901 0.0148636985096 0.0334375959843
113 904 0.0870136901997 0 0 0.0491891573999 0.0426708808586 0.0145334340302 0.0198161327888 0.0435893328172
114 912 0.0946182636531 0 0 0.0512990413477 0.0475239238034 0.0166434958078 0.0215531932504 0.047622212767
115 920 0.0914752784822 0 0 0.0469032901849 0.044419971868 0.0155322336782 0.0211490119123 0.0451536268631
116 928 0.0915813041915 0 0 0.0491451835383 0.0448204224695 0.015432162384 0.0227863046535 0.0471115106642
117 936 0.0850675880127 0 0 0.0445174054486 0.0403938824919 0.0142306631792 0.0207325848167 0.0429086344242
118 944 0.074111379713 0 0 0.0369759508006 0.0343296515963 0.012345472221 0.0175593739075 0.0362095289065
119 952 0.0636027670754 0 0 0.0313858187568 0.0277463068684 0.0103072452128 0.0147039935871 0.0309191828194
120 960 0.06430590567 0 0 0.0314326543067 0.0276469413536 0.0103644208432 0.0144486768109 0.0335354227841
121 968 0.0582166546478 0 0 0.0275350893699 0.0240919733238 0.00855565061515 0.0124534724037 0.0291137825387
122 976 0.0639342521879 0 0 0.029668380047 0.0290198237026 0.00908693381389 0.0133887341642 0.0307711148492
123 984 0.0662380032231 0 0 0.029849209921 0.0306574906025 0.0090195292494 0.0139956410262 0.0309950259914
124 992 0.0629941181791 0 0 0.0282582224793 0.0291356261487 0.00921674818246 0.013612175692 0.0291005461822
125 1000 0.0648529309278 0 0 0.0289124700046 0.0318372153763 0.00991134407656 0.0137262155899 0.0288219006476
126 1008 0.0568843700429 0 0 0.0248307272979 0.0275480911279 0.00858036897269 0.011611683106 0.024824484492
127 1016 0.0563040500916 0 0 0.0231764084864 0.0270236580418 0.00815579872269 0.0113647747115 0.0254168609842
128 1024 0.053226848225 0 0 0.0209810671959 0.0248822141147 0.00740658064524 0.0105970446407 0.0237977707243
129 1032 0.0464697838464 0 0 0.0180464121241 0.0209929944695 0.00617751765846 0.00902397022316 0.0201284645424
130 1040 0.0457457038357 0 0 0.0164456571451 0.0209431885047 0.00594257999867 0.0086708403369 0.0186540034146
131 1048 0.0429836663673 0 0 0.0155510352084 0.0187391313981 0.00537022805252 0.00775296432342 0.018106152567
132 1056 0.0421503710014 0 0 0.0151043610856 0.0180126823992 0.00519219466215 0.00717427100205 0.0173396142412
133 1064 0.0467217972264 0 0 0.0166727900635 0.0233189582012 0.00564454850562 0.00784529494133 0.0191866996396
134 1072 0.0438536687158 0 0 0.0151971821216 0.0218697305248 0.00506496256035 0.00687065960992 0.0180389716484
135 1080 0.039192389112 0 0 0.0133548015944 0.0186696871598 0.00432574016058 0.00581598604766 0.0154031492331
136 1088 0.0403115239692 0 0 0.013231845216 0.0190949666811 0.00429251036294 0.00669186216095 0.01497692207
137 1096 0.0447077976249 0 0 0.0145642349718 0.0225651003649 0.00527085778492 0.00760066235292 0.0163649775129
138 1104 0.0444119748036 0 0 0.0144380498152 0.0222849502276 0.00505529561323 0.00741145338742 0.0149255917326
139 1112 0.0432560873595 0 0 0.0139160753481 0.02188592681 0.0046870076074 0.00681675166552 0.0142425033691
140 1120 0.046078379882 0 0 0.0150076360793 0.0248723379783 0.00490060687072 0.00745438321306 0.0147417500745
141 1128 0.0485810957677 0 0 0.0150235604599 0.0281081460568 0.00535823890613 0.00832663604163 0.0147081920641
142 1136 0.0406925781894 0 0 0.0119450108211 0.0242235665833 0.0045143771867 0.00705514727068 0.0118063786237
143 1144 0.0388324951952 0 0 0.0109261925528 0.0231781288665 0.00460718536245 0.00692749879921 0.0111544749512
144 1152 0.0381311446352 0 0 0.010626582097 0.022521007531 0.00437898896448 0.00669840032184 0.0105971548152
145 1160 0.0387396421959 0 0 0.0103670832826 0.0227427600426 0.0045556375746 0.00677506334131 0.0105011120311
146 1168 0.0333998282867 0 0 0.0094770401199 0.0188678856205 0.00373889180382 0.00588110338424 0.00863865894622
147 1176 0.0324759752592 0 0 0.0107162142991 0.0167752152401 0.00344392019249 0.00565173372836 0.00853487472113
148 1184 0.0309430201663 0 0 0.0101187757166 0.0156859319047 0.00314078482053 0.00522484888305 0.00758935863111
149 1192 0.0282005826035 0 0 0.00909010869621 0.0135984122909 0.002703075456 0.00466671716704 0.00666097418005
150 1200 0.0264798293602 0 0 0.00843555900985 0.0128354412332 0.0024623951702 0.00429992627009 0.00604987668814
151 1208 0.0240831381704 0 0 0.00770661122998 0.0114799136351 0.0021975336673 0.00395181873864 0.00531032418229
152 1216 0.0252796083439 0 0 0.00835940247757 0.0130015028553 0.00225400049608 0.00419336138941 0.00558603047243
153 1224 0.028008645556 0 0 0.00927232677799 0.0152889982968 0.00278216133613 0.00553617148662 0.0059915084975
154 1232 0.0264419788974 0 0 0.00857316966622 0.0141574716714 0.00261645529115 0.00526871819497 0.00538254435325
155 1240 0.0267013553604 0 0 0.00822007861921 0.0136500910877 0.00273878290859 0.00537263149914 0.00523103049247
156 1248 0.0258850283636 0 0 0.00771758711412 0.0127947608033 0.00257763589329 0.00516520055297 0.00487073800927
157 1256 0.0276952234637 0 0 0.00850462492084 0.0149594544927 0.0027251652461 0.00548117153547 0.00530520657892
158 1264 0.0246502944689 0 0 0.0073946622183 0.0134602675727 0.00240888728204 0.00483177628069 0.00461266213531
159 1272 0.0260580427426 0 0 0.00848113112049 0.0140158038077 0.00271537024882 0.00552680837861 0.00483086120394
160 1280 0.0287489706778 0 0 0.0100614222998 0.0151368689376 0.00319012085275 0.00629723954578 0.00526977276605
161 1288 0.0264165839308 0 0 0.00915539415769 0.0139325076075 0.00286909111094 0.00563587124148 0.00475246085441
162 1296 0.0240361818917 0 0 0.00874992695572 0.0119063300591 0.00247880087307 0.00506993722464 0.0042888849257
163 1304 0.0237823367802 0 0 0.00843608480019 0.0113108064406 0.00230338906147 0.00476198934603 0.00462218174531
164 1312 0.0246801978615 0 0 0.00844102930171 0.0114301072196 0.00232422135678 0.00471338579358 0.00477836553384
165 1320 0.023095852669 0 0 0.0077203879326 0.0103233099676 0.00209211018608 0.0042175000427 0.00428926562562
166 1328 0.022661462418 0 0 0.00732832972584 0.0104784006624 0.00220568621038 0.0042149446634 0.00423367286717
167 1336 0.023486353229 0 0 0.00713944286235 0.0105585540983 0.00224554764075 0.00421074735319 0.00473774883382
168 1344 0.0220152620102 0 0 0.00635313263593 0.00966200994753 0.00206527018976 0.0037706003341 0.00433312376202
169 1352 0.0215900199662 0 0 0.00612936123706 0.00951122722923 0.00203815212103 0.00369003251636 0.00405204257459
170 1360 0.0244194970482 0 0 0.00764422231007 0.0104314017569 0.00236211641885 0.00419314872838 0.00456374774442
171 1368 0.0319483508999 0 0 0.0102937278832 0.0132822441305 0.00304493274134 0.00537552505996 0.00632736792488
172 1376 0.044896388985 0 0 0.0142322434795 0.0187577110135 0.00446879025452 0.00777753527338 0.00875037821369
173 1384 0.0455498187901 0 0 0.0139978016817 0.0187073860993 0.00435304853062 0.00773887313945 0.00858328347869
174 1392 0.0459449627304 0 0 0.0136878554167 0.0177736038645 0.0042511588911 0.00762356073578 0.00812509757781
175 1400 0.0456738284586 0 0 0.0130699461922 0.0175058230336 0.00435780121017 0.00755655176636 0.00796367202763
176 1408 0.0452341821829 0 0 0.0121275585248 0.0169003039656 0.00424350563775 0.00748109427055 0.00787150348628
177 1416 0.0413878012999 0 0 0.0117482858237 0.0154779623312 0.00373611506585 0.00669600316338 0.00713046856861
178 1424 0.0450889580045 0 0 0.0123523127132 0.0171300127608 0.00396586600196 0.00755980156709 0.00753771773818
179 1432 0.0442589777391 0 0 0.0124145570966 0.0164714280769 0.0040899642138 0.00719742495947 0.00711921833984
180 1440 0.0496572708263 0 0 0.0137411630293 0.0183141580643 0.00474751110793 0.00883219238201 0.00823699134276
181 1448 0.0766611653653 0 0 0.0218841372151 0.0282775062445 0.00802599648093 0.0145081274999 0.0143491972879
182 1456 0.0925727609343 0 0 0.0274714021341 0.034228744519 0.0100752605773 0.0185035272656 0.0169474182034
183 1464 0.100363265658 0 0 0.0285463360748 0.0378451833186 0.0108050934499 0.0202840192791 0.0188685004679
184 1472 0.112926300902 0 0 0.03247310775 0.0419483666181 0.0130219448318 0.0226108352512 0.0204802896735
185 1480 0.11209743872 0 0 0.0315145651605 0.0404465197524 0.0124817356912 0.0216888112553 0.0204749285127
186 1488 0.127950820707 0 0 0.0386041962963 0.0478639821441 0.0135829140049 0.0240342639668 0.0259341022968
187 1496 0.12242265957 0 0 0.036503522608 0.0443084431298 0.013052163718 0.0229827637833 0.0241483566697
188 1504 0.124088783152 0 0 0.0365133015129 0.044567803572 0.0133485255532 0.0234899456192 0.0245836827924
189 1512 0.11712835487 0 0 0.0342634742264 0.0427988524149 0.0120038174089 0.0216571708902 0.0224289063335
190 1520 0.113679349703 0 0 0.0339885165071 0.0444359810131 0.0116923013802 0.0208675718578 0.0232429517965
191 1528 0.106752649967 0 0 0.0330928521396 0.0402454153334 0.0110911797644 0.0198498796453 0.0217151810253
192 1536 0.117055432364 0 0 0.0379513127136 0.0428015891126 0.0114600506198 0.0208669621244 0.0263945761114
193 1544 0.10197103701 0 0 0.0335368918547 0.0367661612629 0.00976086768098 0.017692440331 0.0230701341399
194 1552 0.112413785276 0 0 0.0414659514991 0.0420004470034 0.0104107200419 0.0185430527695 0.026770218875
195 1560 0.124504605661 0 0 0.0514466777511 0.044060738012 0.0128055247773 0.0231947173741 0.0297525174951
196 1568 0.115607140493 0 0 0.0465625228512 0.039852628817 0.011325181883 0.0205386574956 0.0272362732789
197 1576 0.103848022038 0 0 0.0409079591847 0.0354640227414 0.00985119750092 0.017318287163 0.025966608182
198 1584 0.104229015853 0 0 0.0401219988802 0.0351446138879 0.00979203452425 0.0168703024263 0.0262203633475
199 1592 0.0926898323777 0 0 0.0346454923427 0.031020056487 0.00856858528744 0.014683237435 0.022658717944
200 1600 0.0956179501345 0 0 0.0352233419963 0.0322079831392 0.00870436006705 0.0150906422142 0.0223085180907
201 1608 0.0863479665903 0 0 0.0308088915178 0.0288629987973 0.00797697666824 0.0133892091992 0.0194992055266
202 1616 0.074750032786 0 0 0.0265175916065 0.0259303318641 0.00686232831555 0.0115820380386 0.0168437693001
203 1624 0.0933515890663 0 0 0.0329202196113 0.0328230559407 0.00820846792998 0.0140431910031 0.0211576873014
204 1632 0.117779025955 0 0 0.0423125217769 0.0406581389977 0.0101347198011 0.0174985534013 0.0263430361193
205 1640 0.131608546084 0 0 0.0452939618646 0.0443816214089 0.0108579394527 0.0190121997021 0.0288869605514
206 1648 0.129444817297 0 0 0.0448526017831 0.0437765364336 0.0101982304755 0.017715130756 0.0297715534637
207 1656 0.137309142053 0 0 0.0465001572719 0.044795789532 0.0105560524316 0.0182031072639 0.0312110010914
208 1664 0.137601359009 0 0 0.0464237260582 0.0442000831092 0.0108501719785 0.0189681704178 0.0307190203186
209 1672 0.128853788732 0 0 0.041920443478 0.041763314222 0.0100001296549 0.0176184701137 0.0285682348543
210 1680 0.131673617577 0 0 0.0466458220768 0.0406308014618 0.0105502701319 0.0191417752769 0.0301268655061
211 1688 0.13680563473 0 0 0.0525008163557 0.0435801641747 0.0108570366195 0.0194243503218 0.0336234404703
212 1696 0.135853944147 0 0 0.0528352686469 0.0428397176436 0.0103348690804 0.018613770775 0.0344274599266
213 1704 0.137156232767 0 0 0.054446763163 0.0424012990283 0.0100235889142 0.0183185827654 0.0365357709786
214 1712 0.136101569781 0 0 0.0528843347911 0.0433633542514 0.0100193352558 0.0184807342801 0.0357241874971
215 1720 0.154299071223 0 0 0.0594105668342 0.0494028679829 0.0113468453418 0.0214655266694 0.0397038159673
216 1728 0.144472688813 0 0 0.0575404396373 0.0463358729392 0.0103724945181 0.0198570979632 0.0374088859476
217 1736 0.141342539317 0 0 0.0567005660328 0.0449798754877 0.00991853649157 0.0193773580125 0.0362254789647
218 1744 0.13376609674 0 0 0.0540928495178 0.0414223523075 0.00897501433556 0.0172949889875 0.034470096979
219 1752 0.132620484713 0 0 0.0541500452308 0.0393064328785 0.00887754330319 0.0170160635467 0.0356022208009
220 1760 0.122239170033 0 0 0.0488211278812 0.0367341609779 0.00792427356414 0.0149082663863 0.0326677924232
221 1768 0.107207627085 0 0 0.0434745755556 0.0322651616702 0.00652281687605 0.0124358434695 0.0290588496947
222 1776 0.106627587898 0 0 0.0465304142932 0.0323615607255 0.00631500780375 0.0120734005246 0.0298439620888
223 1784 0.11099766946 0 0 0.0485417522016 0.0332636236956 0.00661014494853 0.0121535259658 0.0306567750973
224 1792 0.101619652423 0 0 0.0428175342932 0.029203512972 0.00634402006451 0.01155526367 0.0266405947965
225 1800 0.0982144338371 0 0 0.040220631676 0.0268843414615 0.00587452440916 0.0107316790541 0.0251553934953
226 1808 0.0909350452809 0 0 0.0367015441602 0.0240908992215 0.00568870734362 0.00989398723621 0.0226041017966
227 1816 0.0944322826866 0 0 0.0374247285193 0.0248061633183 0.00609130407558 0.0103934712058 0.0238052778021
228 1824 0.0747236063087 0 0 0.0281467958004 0.0190931580511 0.00462055363892 0.00776279299807 0.0182204507761
229 1832 0.0660592393908 0 0 0.024591375725 0.0163968998855 0.00395293397788 0.00664744158469 0.0158989241907
230 1840 0.0671394519193 0 0 0.0240401804587 0.0162157404512 0.003917777363 0.00642469161589 0.0156164172046
231 1848 0.0783389252029 0 0 0.027338726455 0.0199273280384 0.0051762401396 0.00793028188345 0.0196703118996
232 1856 0.0747543569981 0 0 0.0267976980027 0.019204401561 0.00487254077571 0.00739742752444 0.0188890118565
233 1864 0.0741159102808 0 0 0.0256013824286 0.0187469133386 0.00477214675678 0.0072858440199 0.0179900349543
234 1872 0.0798120892345 0 0 0.0287345017433 0.0211232579555 0.00493901758617 0.00739848833304 0.0192605515473
235 1880 0.0788228747111 0 0 0.0299185171873 0.022266763776 0.00473169976772 0.00718335756897 0.0191546584887
236 1888 0.0795714050611 0 0 0.0293964558772 0.0218884653322 0.00453737066276 0.00701300865459 0.0188658193574
237 1896 0.0796672571087 0 0 0.0277457364078 0.0210637287232 0.00443378669855 0.00681898848842 0.017893291704
238 1904 0.0848698557622 0 0 0.0291074693132 0.0218316614394 0.00452296028764 0.00729507620536 0.0190664370727
239 1912 0.0877978482199 0 0 0.029989739172 0.0217890526369 0.0049017061598 0.00829008653404 0.0195321111791
240 1920 0.0952687751912 0 0 0.0318735590074 0.0254613005856 0.00527261906289 0.00926155268083 0.0210348716366
241 1928 0.0951440882142 0 0 0.0311265593853 0.0282320753392 0.00544314695179 0.00967729649462 0.0214973601404
242 1936 0.0932442590298 0 0 0.0295013167841 0.0269252904397 0.00565224817691 0.0098265648533 0.0202601011847
243 1944 0.0965769651726 0 0 0.032256104123 0.0276850347877 0.00596184479017 0.0102754975788 0.020793861601
244 1952 0.105315868433 0 0 0.0346175303168 0.0299779020038 0.0063856447966 0.0110353799314 0.0225353599487
245 1960 0.111088728213 0 0 0.0351374926011 0.0309766328642 0.00681722315499 0.0120720403484 0.0238395525112
246 1968 0.127625330658 0 0 0.0397116185038 0.0365282887217 0.00793023662427 0.0142884149936 0.0295846983942
247 1976 0.124692181447 0 0 0.0379198717998 0.0363185227274 0.00794364445305 0.0144756851363 0.0280497589836
248 1984 0.144804988907 0 0 0.0429859865068 0.0428052963582 0.00929067183434 0.0166430279534 0.0321050469666
249 1992 0.134490995403 0 0 0.0386559688703 0.0387460616193 0.00853856684069 0.0152832928299 0.0289945548793
250 2000 0.136265154605 0 0 0.0374575264775 0.0396852876252 0.00858068369667 0.0155835516942 0.0281585988597
251 2008 0.150166346297 0 0 0.0400925319917 0.0415449657071 0.00932739453641 0.0167420153823 0.028616615989
252 2016 0.146296469639 0 0 0.0386793325197 0.0428685976075 0.00908085891318 0.0165942159208 0.0298692349888
253 2024 0.152130311026 0 0 0.0385949163147 0.045447267454 0.00956504123594 0.0175865173472 0.0334245057458
254 2032 0.168939955888 0 0 0.0422800134253 0.0496936879224 0.0108609392137 0.0197805087676 0.0390645356249
255 2040 0.171137921596 0 0 0.0408334806972 0.0517518193551 0.0114874059756 0.0211939729986 0.0391532393001
256 2048 0.138910518313 0 0 0.0315766828772 0.0399830633956 0.00909684618065 0.016662265294 0.0299470094169
257 2056 0.135864544319 0 0 0.0312564678559 0.0396140376499 0.00833463314686 0.0157284642505 0.0288947646816
258 2064 0.13138217426 0 0 0.0294100142158 0.0374934089971 0.00788248541556 0.0146690122558 0.0275029499269
259 2072 0.121623957105 0 0 0.0285348690625 0.0360059416317 0.00699265357303 0.0129829867252 0.0253946872321
260 2080 0.117922093237 0 0 0.0266178988172 0.0333644604881 0.00655045842812 0.0120653177547 0.0237488880406
261 2088 0.100355230572 0 0 0.0221573343447 0.0273350651277 0.00541005728195 0.0099678806508 0.019797209754
262 2096 0.0893622985934 0 0 0.0186409148225 0.022801843187 0.00472892786699 0.00854655239367 0.0167882516103
263 2104 0.0854305979165 0 0 0.0176467921064 0.0211183564847 0.00434957064202 0.00779529884602 0.015733690117
264 2112 0.0835830565441 0 0 0.0173881992666 0.0203572823499 0.00401552026589 0.00738121045156 0.014906975149
265 2120 0.0981414109177 0 0 0.0201539289366 0.023762594502 0.00464026952255 0.00827595256241 0.0180278299829
266 2128 0.103650753988 0 0 0.0223166999186 0.0238201280594 0.00467914217053 0.0083516071595 0.0213442745214
267 2136 0.120265010781 0 0 0.0314369331248 0.0330796939095 0.00522844966127 0.00925908226234 0.0262728633146
268 2144 0.131800463924 0 0 0.0382158295067 0.0378586720476 0.00539447897801 0.0096104600835 0.0302661292214
269 2152 0.15911022778 0 0 0.0511083037078 0.0455958734424 0.00703004140914 0.0121483514821 0.037382214123
270 2160 0.164352505505 0 0 0.0547307411006 0.0485529966427 0.00712706944453 0.0123408526097 0.0389891767843
271 2168 0.192869540949 0 0 0.0703628185512 0.0574790524171 0.00826915622898 0.0141645378433 0.0476024399518
272 2176 0.207340278309 0 0 0.0720637463609 0.060228469222 0.0101525023456 0.0164287483 0.0517438711797
273 2184 0.200360811509 0 0 0.0702758378607 0.0607858309123 0.00965315283542 0.0160669928119 0.0498017712705
274 2192 0.216110400628 0 0 0.079750442313 0.0687777078428 0.0101448605594 0.0164130725425 0.0531865091746
275 2200 0.219490035359 0 0 0.0823279371636 0.0711762656206 0.0100002262465 0.015933791044 0.0568737826922
276 2208 0.223364734344 0 0 0.0850136100076 0.0738787770108 0.0104764962132 0.0168871826783 0.0620610340061
277 2216 0.185346572856 0 0 0.0671472061169 0.0579160449584 0.00833201089953 0.0133373048864 0.0507735944857
278 2224 0.20329674942 0 0 0.0743203837054 0.0680974069716 0.00871942064072 0.0141159577677 0.0536814620466
279 2232 0.208132688783 0 0 0.0754083006719 0.0710473933948 0.00851435515223 0.0139967936453 0.0530277895202
280 2240 0.220640403948 0 0 0.0772812113012 0.0729756539048 0.0096258268834 0.0153914825979 0.057942284823
281 2248 0.233447932963 0 0 0.0798706863414 0.0739320476962 0.0101489210515 0.015631554675 0.0621715731153
282 2256 0.211234205608 0 0 0.0689296835147 0.0633651959289 0.00893179662429 0.0137858527208 0.0544575155959
283 2264 0.177054300702 0 0 0.0554760725757 0.0514971646042 0.00731938859407 0.0112826347182 0.0448982047149
284 2272 0.179099771248 0 0 0.055053338683 0.0509201523216 0.00742300792664 0.0109677500001 0.0475123040389
285 2280 0.23445085768 0 0 0.0713996079804 0.0662702662552 0.00976450154319 0.0140872725389 0.0629236928097
286 2288 0.215851197554 0 0 0.0653330878074 0.058294450394 0.00877615052045 0.0124696449703 0.0596586188517
287 2296 0.199778404914 0 0 0.0576885512466 0.051035699309 0.00815262822984 0.011761787037 0.0530440207559
288 2304 0.213550930949 0 0 0.066280595468 0.0565193644898 0.00848391055328 0.0129103659149 0.0558020872611
289 2312 0.192597291322 0 0 0.0581107478337 0.0488721417513 0.00772651974661 0.0115828633868 0.0495311628585
290 2320 0.194923046142 0 0 0.0633915939412 0.0513058600293 0.00731674664057 0.0111719641972 0.0529647279163
291 2328 0.175274401406 0 0 0.0550883595756 0.0445283674905 0.0064663887438 0.0100647074254 0.0463274362186
292 2336 0.177881853154 0 0 0.0537210761713 0.0436307977289 0.00652541300045 0.00998615952637 0.0452855575873
293 2344 0.186789087859 0 0 0.054731446446 0.0435813601755 0.0066813740022 0.010538873064 0.0472973325547
294 2352 0.204363366448 0 0 0.0584457560942 0.0469453852336 0.0071615573043 0.0112943648071 0.0513215250425
295 2360 0.236271265216 0 0 0.0659043364038 0.053145323605 0.00807668585263 0.0126294293087 0.0569440957342
296 2368 0.221745737035 0 0 0.058176993892 0.047128853121 0.00802865226262 0.011773262432 0.055268503785
297 2376 0.207558610564 0 0 0.052063391585 0.0420739610814 0.00742738228956 0.0107777781202 0.0519374334591
298 2384 0.221990245822 0 0 0.0536842142842 0.0441378239724 0.00761809339419 0.0114138136454 0.0528103092641
299 2392 0.219365643924 0 0 0.0536278048243 0.0430664302254 0.00721117180343 0.0108369436717 0.0526036690745
300 2400 0.211491227354 0 0 0.0504874504741 0.0404835833517 0.00651954922043 0.00983048448176 0.0486532437427
301 2408 0.22744913377 0 0 0.0604681897466 0.0507397716487 0.00712825641221 0.0108118957153 0.0582773343959
302 2416 0.221144210673 0 0 0.0569517954802 0.0483671549975 0.00721733025256 0.0107318602296 0.0557021286446
303 2424 0.242563972851 0 0 0.0645282117653 0.0565955913965 0.00791241362588 0.0113276339914 0.0591501505191
304 2432 0.239122627601 0 0 0.064529649695 0.0551809826439 0.00757611505487 0.0109498400222 0.0593381883574
305 2440 0.232457624503 0 0 0.0596179218183 0.0517652558805 0.00711346989094 0.010307452815 0.0563442039446
306 2448 0.311081609752 0 0 0.0767587689933 0.0681870806616 0.0104706484643 0.0163840188824 0.0742514522472
307 2456 0.300824636789 0 0 0.073955343416 0.0656953605925 0.0104250940401 0.0169149431564 0.0705164582895
308 2464 0.288529677054 0 0 0.0704921562524 0.061769827826 0.0101377192276 0.0159204014777 0.0661597917822
309 2472 0.264229241245 0 0 0.063771150589 0.0560635940572 0.00895910145782 0.0139564688779 0.059014137627
310 2480 0.262545264493 0 0 0.0643715774585 0.0563206629692 0.00841581673381 0.0131647985724 0.0569074622938
311 2488 0.267153772631 0 0 0.0664046971398 0.0569012786162 0.00841622497438 0.0129924716851 0.0610794749671
312 2496 0.323697112119 0 0 0.074863012634 0.064663147521 0.010048049073 0.0154196728821 0.0700779160643
313 2504 0.390888416337 0 0 0.0860262146778 0.0763840611551 0.0121940270509 0.0178822169489 0.0820992172094
314 2512 0.405494481334 0 0 0.0887269724444 0.0772233042231 0.0128633234873 0.0191204274241 0.0826835789497
315 2520 0.390160012432 0 0 0.0872845113405 0.0791615459166 0.0120696784403 0.0183520600322 0.0784900120468
316 2528 0.378033082446 0 0 0.0824667052359 0.0751467885203 0.0115833951974 0.0171654954229 0.074290959396
317 2536 0.363329371096 0 0 0.0766778859714 0.0679648947713 0.0110889809382 0.0159369406333 0.0723167441927
318 2544 0.387766430706 0 0 0.0805920480358 0.0704360762981 0.0118667202161 0.0165580514625 0.079854226692
319 2552 0.396537535254 0 0 0.0809531480669 0.0680483627373 0.0115448160597 0.0171670203224 0.0781479696045
320 2560 0.380421617877 0 0 0.0770551460719 0.0634743678287 0.0114968843421 0.0165475296923 0.0783865234603
321 2568 0.326405011239 0 0 0.065486527148 0.053471840552 0.00937258614854 0.0142358644277 0.0672118082997
322 2576 0.324509516068 0 0 0.0624195978957 0.0528141779587 0.00923338274345 0.0137796787718 0.0631642864882
323 2584 0.381838192935 0 0 0.0762642601545 0.0653595607935 0.0110991809043 0.0165696711425 0.0731956807943
324 2592 0.422576644419 0 0 0.0795052326712 0.0709657418143 0.0118968905436 0.0186418419836 0.0767140457461
325 2600 0.412527506691 0 0 0.0746731419646 0.0688930920416 0.0115603535423 0.0173866674004 0.0728795696432
326 2608 0.425581021469 0 0 0.0752807977112 0.0678427129221 0.0115679243898 0.0171517806779 0.0759950337533
327 2616 0.481810073793 0 0 0.0833307809428 0.0755809690531 0.0134777493249 0.0187477841505 0.0855629108215
328 2624 0.54329475973 0 0 0.100312019508 0.0911224265331 0.0153726878252 0.0201984483283 0.101359796835
329 2632 0.604895666802 0 0 0.126173668265 0.117509619646 0.0165027681128 0.0210075867995 0.116952704736
330 2640 0.616721757496 0 0 0.127993187427 0.121113480384 0.0163873628764 0.0210770314977 0.118978971639
331 2648 0.713727116002 0 0 0.140670583895 0.132404802694 0.018581407451 0.0234963902898 0.132989865737
332 2656 0.745052471869 0 0 0.137677056271 0.133762599559 0.0191505740741 0.0249197040386 0.131003548537
333 2664 0.854663440301 0 0 0.153758957921 0.15795590771 0.0235700962953 0.0338500650936 0.146957269324
334 2672 0.980328614397 0 0 0.166948859933 0.178796822903 0.0273379765499 0.0424758849401 0.161072404701
335 2680 1.17632535998 0 0 0.19332694145 0.20553015293 0.0324093620986 0.04976303399 0.193987425789
336 2688 1.29859935052 0 0 0.208606088138 0.212521378349 0.0357687117008 0.0521889981037 0.214540180168
337 2696 1.35678159474 0 0 0.209444057866 0.217907605075 0.0377103046196 0.0519819329172 0.222953697288
338 2704 1.46608398386 0 0 0.21682658534 0.218612246529 0.0404392015628 0.0565196151295 0.243506862266
339 2712 1.58353428903 0 0 0.223778827455 0.219561823982 0.0436340608632 0.0591664294763 0.257246997651
340 2720 1.46586684901 0 0 0.196728966384 0.194858480368 0.0393361879268 0.0540880270831 0.227009196976
341 2728 1.54173379942 0 0 0.199644596749 0.215555028257 0.0405376937279 0.0623881509209 0.230553758605
342 2736 1.33852915476 0 0 0.165152851865 0.180248343493 0.0351432863331 0.0536772125145 0.191848435663
343 2744 1.04973197397 0 0 0.121978892837 0.133771121589 0.027790726681 0.0415697577831 0.145095423535
344 2752 1.03409106139 0 0 0.119935284473 0.134394944057 0.0262258081547 0.0408916347936 0.139087221933
345 2760 1.12540121838 0 0 0.126539637057 0.143179803081 0.0293203742217 0.04272265202 0.151111682675
346 2768 1.17592476099 0 0 0.127900778024 0.150541095861 0.0300685570564 0.0442173377153 0.15719106816
347 2776 0.9962832266 0 0 0.102885373973 0.122007281936 0.0261347687618 0.0362940005173 0.13232697405
348 2784 0.966660464546 0 0 0.101796788923 0.112471756595 0.0257028354254 0.0373679392927 0.133908807742
349 2792 0.915598418227 0 0 0.0924694120396 0.0995971740597 0.024683411231 0.0359948405581 0.121826007189
350 2800 0.99639316059 0 0 0.0977063176957 0.106793913829 0.0277601322835 0.0437162298642 0.132045918411
351 2808 0.949089390082 0 0 0.0898876427641 0.0972096175519 0.0267019770479 0.0416499430354 0.127322640682
352 2816 0.840989703245 0 0 0.0777554432923 0.0850740135416 0.0230610946766 0.0348621215928 0.109400079433
353 2824 0.936036443072 0 0 0.0910768200425 0.102061543736 0.02445716411 0.0373413652699 0.117472216259
354 2832 0.882807018469 0 0 0.0841138660261 0.0931169548051 0.0220353590777 0.0360967194459 0.107834099348
355 2840 0.883543230704 0 0 0.081211496199 0.0905517664205 0.0212298273502 0.0367314808637 0.105898646823
356 2848 0.846563881544 0 0 0.0775485257406 0.0866081492201 0.0193100330725 0.0349977771558 0.0968233790603
357 2856 0.842138548373 0 0 0.0813771834301 0.08121440149 0.0184234107337 0.0335452035436 0.0958228321949
358 2864 0.946979566014 0 0 0.0953002751991 0.0877443440907 0.0226124086145 0.0365543491844 0.128780489453
359 2872 0.933892604569 0 0 0.0966911014526 0.0853720099303 0.0223280511029 0.0354994645921 0.130836864984
360 2880 1.03400987851 0 0 0.117402895266 0.106646544853 0.02461225152 0.0384049377954 0.152714034154
361 2888 1.08253772467 0 0 0.12061393497 0.112463601176 0.0247879086647 0.0401920133586 0.155574596804
362 2896 1.00194341073 0 0 0.108296639569 0.103512419867 0.0221669480268 0.0360927635497 0.135913147582
363 2904 1.01368988148 0 0 0.106538993379 0.100066660246 0.0233365969569 0.0355034738988 0.13581731847
364 2912 0.978880918419 0 0 0.0964223772718 0.0922378426896 0.022327733894 0.0326158152328 0.127101094835
365 2920 0.898272170396 0 0 0.0852204662974 0.0832712073789 0.0193919063857 0.027848436146 0.110473271312
366 2928 0.762903789643 0 0 0.0696656272367 0.0663861485268 0.0159360100756 0.0233348438318 0.0911316140877
367 2936 0.688675442219 0 0 0.0628283093886 0.0585491195661 0.0144417314718 0.0201626905036 0.0854643250637
368 2944 0.622519744278 0 0 0.0548291489841 0.0521655941497 0.0128252208903 0.0179173814563 0.0744502848041
369 2952 0.677871510172 0 0 0.0597542109365 0.0554886935664 0.0134766423793 0.0184908713142 0.0815506191859
370 2960 0.614896772361 0 0 0.0533677269581 0.0471116934694 0.0118459981228 0.0163812509775 0.0727271697487
371 2968 0.54274420311 0 0 0.0460197764551 0.0415152248614 0.0101284927883 0.0141488080202 0.0633637917788
372 2976 0.527890630014 0 0 0.04561291332 0.0428854637097 0.00989108084339 0.0138269007643 0.0616107142248
373 2984 0.550535533895 0 0 0.0459224504172 0.0481085051299 0.00982743223953 0.0144778534614 0.0602902940192
374 2992 0.560065538622 0 0 0.0479916805234 0.0485160350929 0.00998149643509 0.0144146999349 0.0605997801916
375 3000 0.492150970738 0 0 0.0410633587765 0.040951639932 0.00838666645453 0.0121793923273 0.0509712418015
376 3008 0.442906275036 0 0 0.0354171916253 0.0347563101103 0.0074522695891 0.0108121866373 0.0437783624725
377 3016 0.426766825319 0 0 0.0361734857456 0.0341971038085 0.00748407635943 0.00962728979179 0.0454007322133
378 3024 0.401265554147 0 0 0.0336198913252 0.0309303688513 0.00703256168651 0.00861327483112 0.0429224886634
379 3032 0.418609416598 0 0 0.0341844428671 0.0326537941158 0.00686833867893 0.00924796927377 0.0422492189906
380 3040 0.408343433354 0 0 0.0331640747989 0.0310268041436 0.00646659020332 0.00886357329382 0.0403874162602
381 3048 0.381393860946 0 0 0.0301588448986 0.0283756759415 0.00619925030798 0.00792983450601 0.0377447343672
382 3056 0.356160683682 0 0 0.0284826237952 0.0262876374262 0.00585579074889 0.00701739141503 0.0345143021797
383 3064 0.347322342676 0 0 0.0276602238529 0.0255346755391 0.00627016349317 0.00635929156616 0.0368120438826
384 3072 0.381931948438 0 0 0.0300475466663 0.0279407243854 0.00694255017575 0.00683327804595 0.0406581404138
385 3080 0.411321275891 0 0 0.0330875125432 0.0305053034237 0.00757699336374 0.0070382282404 0.0461666464247
386 3088 0.347945069083 0 0 0.0272831143134 0.0250615249116 0.006332980384 0.00604252509724 0.0384904470229
387 3096 0.365678149919 0 0 0.0316810223298 0.0258400781564 0.00635965761754 0.00658758559911 0.0423801012578
388 3104 0.380459801558 0 0 0.0317365214902 0.02609112682 0.00654988731176 0.00729183543445 0.0435152888673
389 3112 0.390873613147 0 0 0.0327005188289 0.0287450194852 0.00666991071859 0.0073160227857 0.043410334528
390 3120 0.429251096308 0 0 0.0354002654622 0.0301655041971 0.00710454846117 0.00916844814138 0.0476088792575
391 3128 0.404700467286 0 0 0.0322622735569 0.0274373835619 0.00712141875901 0.00815345967257 0.0449985848559
392 3136 0.362082368901 0 0 0.0275528201254 0.0241234502531 0.0061480538646 0.00749425701015 0.0387751745389
393 3144 0.354645967618 0 0 0.0281864250799 0.0235895067134 0.00578536619697 0.00698282184913 0.0371098996597
394 3152 0.362859567951 0 0 0.0285175934391 0.0230122309743 0.00597656977788 0.00712101733484 0.0379129146678
395 3160 0.313364651745 0 0 0.0234600002945 0.0194474398013 0.00504716897655 0.00608204471099 0.0318845355943
396 3168 0.284537620681 0 0 0.0210219733844 0.0172824921398 0.00468184518298 0.00529898414101 0.029813941202
397 3176 0.264533064176 0 0 0.019029803197 0.015223172133 0.004431733889 0.00487918243352 0.0277210189612
398 3184 0.225747618393 0 0 0.0158908857976 0.0126054434053 0.00375669008453 0.00413813109133 0.0230498448275
399 3192 0.231603219448 0 0 0.0165070385651 0.0145983499509 0.00374515682655 0.00437719489904 0.022937726309
400 3200 0.233563370586 0 0 0.0167067869053 0.0142868303012 0.004268887954 0.00425383624576 0.0256065907408
401 3208 0.264863610762 0 0 0.0185338826679 0.0164794739328 0.00535670846863 0.00464278422417 0.030375041415
402 3216 0.281537207329 0 0 0.0194807774009 0.0183656695195 0.00557588549944 0.00493951082474 0.0314120070532
403 3224 0.289273235361 0 0 0.0220104636162 0.0199279620352 0.00592808549903 0.00475121743212 0.0342228546806
404 3232 0.275743164019 0 0 0.0205391380153 0.0192225342981 0.00546044895887 0.00469071072621 0.0314809326179
405 3240 0.289596130053 0 0 0.0220133662871 0.0212382476264 0.0053955129206 0.00478699956766 0.0312089085261
406 3248 0.28865650776 0 0 0.021855506822 0.0218994186402 0.00520368567294 0.00460804538576 0.0301527386396
407 3256 0.273085077 0 0 0.0199378861724 0.0201054148869 0.00487530511937 0.00413625790109 0.0279670249154
408 3264 0.262236462919 0 0 0.0188481514394 0.0197041800008 0.00469657326628 0.00380683815644 0.0265898877483
409 3272 0.240733304345 0 0 0.0165354863884 0.0171385999664 0.00445815714442 0.00345991821666 0.0250779770364
410 3280 0.219358437799 0 0 0.0150535362181 0.015298719069 0.00397633309856 0.00309603025559 0.0227712919831
411 3288 0.220897934126 0 0 0.0151937273515 0.0153310891474 0.00394206852878 0.00292426939368 0.0223368468241
412 3296 0.199195815648 0 0 0.0139796227325 0.0135391023982 0.00337959218908 0.00269531358873 0.0198449594157
413 3304 0.228991643395 0 0 0.0153319060972 0.0146280977294 0.00393039019224 0.00298432965163 0.0223048028064
414 3312 0.260435790176 0 0 0.0169585910525 0.0173823233032 0.00438983369584 0.00324323234637 0.0243894853021
415 3320 0.318318710788 0 0 0.021489761321 0.0225221545978 0.00523836248714 0.00435345514169 0.0302250885259
416 3328 0.303348178573 0 0 0.0204164292772 0.0214094702372 0.00478257264692 0.00416537192936 0.0276523711663
417 3336 0.320777680741 0 0 0.0237750901216 0.0237287198737 0.00494183155127 0.00425146103314 0.0299055686239
418 3344 0.346909729141 0 0 0.0258530092258 0.0257306957327 0.00572619789033 0.00445736863642 0.0335117169217
419 3352 0.407890090607 0 0 0.032496542435 0.0300252780831 0.00776414976183 0.00533517458982 0.0470623115492
420 3360 0.427162275971 0 0 0.0330435648527 0.0312147811869 0.00797204149045 0.00619827477713 0.0484980514563
421 3368 0.482719317873 0 0 0.0360515796858 0.0350396223455 0.010078582332 0.00697445683972 0.0576481806269
422 3376 0.504854624374 0 0 0.0381942793367 0.0372200065255 0.0102542648235 0.00711202683004 0.0588343045691
423 3384 0.533211542177 0 0 0.0393734872934 0.03852016123 0.0105495231044 0.00751370243594 0.0600245067818
424 3392 0.632979717244 0 0 0.0464708947956 0.0466602584596 0.0122495698485 0.00960447872451 0.070741096485
425 3400 0.538732443406 0 0 0.0386216646672 0.0384686812912 0.00994987768723 0.00812504833974 0.0582910010912
426 3408 0.489240205199 0 0 0.0332648601204 0.0337832772542 0.00874413209913 0.00724410659454 0.0505097979545
427 3416 0.467633602707 0 0 0.0312810089634 0.0313866020844 0.00784044062204 0.00713094006422 0.0461206705145
428 3424 0.449850831973 0 0 0.0296652227949 0.0294373406369 0.00730360316915 0.00674302413164 0.0431544456565
429 3432 0.44530176434 0 0 0.0288722547861 0.0300904552465 0.00705319026282 0.00653387630809 0.0414540507294
430 3440 0.454920685187 0 0 0.0285482497684 0.0298060379702 0.00798329909678 0.00655596133908 0.0451067158209
431 3448 0.528680780196 0 0 0.0373303482318 0.0342935745465 0.00999549707908 0.00759225639092 0.0600237423845
432 3456 0.591108765948 0 0 0.0411948537332 0.038186977321 0.0124317673883 0.00879559220262 0.0726489183409
433 3464 0.602984185211 0 0 0.0404566033798 0.0371017220989 0.012594827909 0.00863854384904 0.0736845331563
434 3472 0.532616872764 0 0 0.0348878885904 0.0329410076589 0.0105901754498 0.00742046053439 0.0619896187972
435 3480 0.548834491271 0 0 0.0349134272905 0.0321288383851 0.0107252234569 0.00837110251922 0.0636160067582
436 3488 0.51240257357 0 0 0.0311505957449 0.0298847922602 0.0104596162504 0.00755788295548 0.0590426641307
437 3496 0.512770843135 0 0 0.0306099001957 0.0299679688907 0.0107715899884 0.00724718144515 0.059484272373
438 3504 0.488811053042 0 0 0.0280833812708 0.0278324799371 0.0106539117561 0.00676130721286 0.0572728472522
439 3512 0.520720732644 0 0 0.0291089975816 0.0302885138536 0.0107180488413 0.00708626579055 0.0573208204189
440 3520 0.590831593689 0 0 0.0321704191707 0.03256499327 0.0119298398517 0.00841021458258 0.0656007166664
441 3528 0.64039640816 0 0 0.0338641570347 0.0353311287517 0.0134328187528 0.00894179975786 0.070747313837
442 3536 0.755723121629 0 0 0.0384086261661 0.0408093452052 0.0153544641417 0.0104357210659 0.0798669598701
443 3544 0.786486543399 0 0 0.0370408402557 0.0444735658595 0.015300763201 0.0106783202792 0.077058583646
444 3552 0.927242132971 0 0 0.046669282858 0.0657941555461 0.0189811510962 0.013779030145 0.0930178703789
445 3560 0.913443812596 0 0 0.0448481675731 0.0645573655435 0.0179888078709 0.0139247997118 0.0885480251061
446 3568 1.00461665826 0 0 0.0485566678432 0.068928569762 0.0216918285058 0.0146161817585 0.102969100195
447 3576 1.12179018184 0 0 0.0534794551224 0.0739792129422 0.0245638545422 0.0167426005449 0.120221040827
448 3584 1.0129414823 0 0 0.0482504309329 0.0639841200717 0.0218180755747 0.0147548936608 0.10768856868
449 3592 0.845274518784 0 0 0.0382102686251 0.0522549013689 0.0178318131562 0.0118109236698 0.0879694087783
450 3600 0.784959719346 0 0 0.0345550587132 0.0469665849446 0.0154793074092 0.0106725010525 0.0769680347314
451 3608 0.756473434131 0 0 0.0337633932335 0.0438979553325 0.0147346337004 0.0104304156397 0.0749662946825
452 3616 0.697703040966 0 0 0.0313398014144 0.0398901886049 0.0133253483849 0.00927237292892 0.0685123032166
453 3624 0.790530756601 0 0 0.0343404822052 0.0492176583924 0.0157549153211 0.0114753504747 0.081091470364
454 3632 0.760851067224 0 0 0.0322056954548 0.0480604734012 0.0147139839236 0.0119806468963 0.0762866348766
455 3640 0.789582781496 0 0 0.0323075768692 0.0477142577285 0.0162725426735 0.0120195841256 0.0823846207387
456 3648 0.830281195107 0 0 0.0332838785247 0.048321733783 0.0173655826772 0.0120791185848 0.087475309092
457 3656 0.84415777497 0 0 0.0333674444371 0.0487775833387 0.0174334888775 0.0118095107095 0.0856321618575
458 3664 0.872641317852 0 0 0.033320197821 0.0491773273331 0.0191281065713 0.011797260646 0.0923918594445
459 3672 0.94790701537 0 0 0.034467211514 0.0508455715294 0.0211842388727 0.0121365417139 0.0998285405833
460 3680 0.922263022557 0 0 0.0340224055307 0.0518524853178 0.0200767510823 0.0121724352219 0.0933957287096
461 3688 0.815852874379 0 0 0.029240824116 0.0435140918033 0.0167954914019 0.0103015198864 0.0771885938536
462 3696 0.838283384497 0 0 0.0308665825704 0.0425416946064 0.0180863385961 0.0104404522267 0.0858494586603
463 3704 0.737756501932 0 0 0.0256501655946 0.0358258077406 0.0158259213216 0.00893409372108 0.0747029224378
464 3712 0.765534107302 0 0 0.0266262422557 0.0375932367254 0.0169882771839 0.00862732884711 0.0763986934269
465 3720 0.854515149727 0 0 0.0329577274548 0.0438939941327 0.0186688683841 0.0089359501617 0.0824085702076
466 3728 0.785960462124 0 0 0.0296939953849 0.0380542249198 0.0163426196608 0.0077957701928 0.0723663913446
467 3736 0.671349806078 0 0 0.024299369689 0.0312044000167 0.013513447904 0.00640213882677 0.0606661182206
468 3744 0.561688171024 0 0 0.0203092344448 0.0251921722372 0.0107605427089 0.00509237472205 0.0488502459391
469 3752 0.58973350017 0 0 0.0209091746147 0.0257789494091 0.0121764697105 0.00513340530868 0.0536984936304
470 3760 0.668103198503 0 0 0.0234888915023 0.0271920927618 0.0133089453963 0.00581003720077 0.0588985585313
471 3768 0.734683733238 0 0 0.0255017705396 0.0305426301033 0.0143492499772 0.00648893375867 0.0642910408573
472 3776 0.843374160896 0 0 0.0278618077888 0.0367927795155 0.0176883706318 0.00719302615152 0.0785403701363
473 3784 0.790643102726 0 0 0.0255308234863 0.0346626236256 0.0172679301749 0.00690645504515 0.0767092784908
474 3792 0.839899911009 0 0 0.0266643755573 0.035624810839 0.0185788469655 0.00730136135134 0.0821980079754
475 3800 0.807704566409 0 0 0.0244794893112 0.0328339428527 0.0183664883454 0.00679223234652 0.0800687716856
476 3808 0.801450537058 0 0 0.0253351402952 0.0314755281191 0.0178902201961 0.00647266929404 0.0787765598762
477 3816 0.763126858767 0 0 0.0243756339848 0.0290908858599 0.0166056135121 0.00594224064252 0.074500391818
478 3824 0.653276014046 0 0 0.0203585409762 0.0241261445776 0.0138885810206 0.00486264861052 0.0618032009406
479 3832 0.600392632082 0 0 0.0189665957166 0.0221870744859 0.0125387521 0.00456760266431 0.0560254953513
480 3840 0.59899110784 0 0 0.0189192722236 0.021514702752 0.0137348172217 0.00433154189791 0.0599620963256
481 3848 0.573352860425 0 0 0.017454498859 0.0209757877909 0.0130717156608 0.0039073130294 0.0563913755662
482 3856 0.57537111516 0 0 0.0166780163687 0.0202911015084 0.0125868548853 0.00421648065495 0.0543484513055
483 3864 0.540434803554 0 0 0.0156169881081 0.0181821217133 0.0114844009389 0.00395344684317 0.0508326772536
484 3872 0.497465192114 0 0 0.0140587758133 0.0158681636518 0.0102900379717 0.00347930317173 0.0454399152895
485 3880 0.530301349738 0 0 0.0163212308807 0.0179868837204 0.0105777898962 0.00358615301093 0.0464736207566
486 3888 0.49748252126 0 0 0.0157918101637 0.0167407352595 0.00945248472171 0.00331899007047 0.0418541023178
487 3896 0.441964912136 0 0 0.0135619550945 0.0145930066277 0.00852865222621 0.00283197136472 0.0378162101216
488 3904 0.410364380308 0 0 0.0125296884708 0.0136277347862 0.00794497846975 0.00252890450496 0.034580247695
489 3912 0.449391897573 0 0 0.0147273083285 0.0150942484619 0.00840084681714 0.00287227200288 0.0365195256045
490 3920 0.603386739868 0 0 0.0207794297562 0.0206942794071 0.011266840081 0.00404234060822 0.0489025073486
491 3928 0.755996533703 0 0 0.0258597910097 0.0252625050219 0.0138319250424 0.0049836585677 0.0596125119562
492 3936 0.822553905769 0 0 0.0267779813512 0.0264963652136 0.0152221733943 0.00553721093557 0.0645350658534
493 3944 0.862684249827 0 0 0.0266251774104 0.0272540623623 0.0177017299274 0.00563452578372 0.0730982351433
494 3952 0.904436689185 0 0 0.0275226528325 0.0270169439793 0.0181884845875 0.00654638559787 0.0756598108018
495 3960 0.843395577342 0 0 0.0251257645318 0.0250253063909 0.0162810597331 0.00581000338413 0.0675873114773
496 3968 0.899726519777 0 0 0.0287959983773 0.0265260185726 0.0177870152479 0.00601302758785 0.0758092634981
497 3976 1.09181612164 0 0 0.0364975491172 0.0349193091532 0.0204360719086 0.00733296758238 0.0876302829722
498 3984 1.27142240469 0 0 0.0436722267247 0.041256987655 0.0232201333657 0.00805999381154 0.102790062531
499 3992 1.32115798466 0 0 0.046579242519 0.0435268231423 0.0231448441186 0.00821959555791 0.104025291664
500 4000 1.42549070595 0 0 0.051918648711 0.0459794923118 0.0272118478492 0.00904435742441 0.124873281984
501 4008 1.58477540833 0 0 0.061677249068 0.0500431920643 0.0327944297155 0.0101562112023 0.157321518345
502 4016 1.53710135147 0 0 0.0588674412628 0.0474027334607 0.0322427451287 0.00970524482652 0.153668628088
503 4024 1.25736527975 0 0 0.0459005350819 0.0373179873417 0.0253787320367 0.00777341610671 0.120635972011
504 4032 1.16799480127 0 0 0.0420968269658 0.0331061466367 0.0226374810613 0.00693060182707 0.108948945625
505 4040 1.0371791573 0 0 0.0375291121012 0.029703861006 0.0192842015302 0.00646197522369 0.0920936412908
506 4048 1.06765021189 0 0 0.0397133539554 0.0306911686697 0.0192244505967 0.00665585297852 0.0937788735146
507 4056 1.12547782132 0 0 0.0429810992596 0.0322699872354 0.0195248781905 0.00703496988873 0.0954147852
508 4064 1.48172316081 0 0 0.0599412916286 0.0467165668477 0.0257762558955 0.00930789081742 0.125635379946
509 4072 1.74827400679 0 0 0.0681219842278 0.0537818146972 0.0295484181382 0.0104178000408 0.143180606965
510 4080 1.89598315152 0 0 0.0718430435489 0.0601771414164 0.0319711293789 0.0112641737788 0.151779083245
511 4088 1.9651903538 0 0 0.0719497231749 0.0627782738974 0.0322691884223 0.0113886785051 0.151425800186
512 4096 2.01996985713 0 0 0.0747050671456 0.0637791293112 0.0318448804907 0.0115182706547 0.152337279931
513 4104 2.16109354351 0 0 0.0807342638961 0.0684907467356 0.0341469858724 0.0127641197882 0.165159720539
514 4112 2.57278353949 0 0 0.0918180073526 0.0771490807661 0.0395848200913 0.0160777905138 0.191039537113
515 4120 2.74879562069 0 0 0.093523323553 0.0770109559457 0.0405102476761 0.0168142665607 0.195491424477
516 4128 3.11349049298 0 0 0.102961825297 0.0835154392345 0.0469997655501 0.0187768822985 0.229214648016
517 4136 2.91677198059 0 0 0.0922141418623 0.0773358325696 0.0424998071382 0.0168385813451 0.205704905967
518 4144 2.8178440277 0 0 0.0851900537239 0.0715441476907 0.0386256257475 0.0159791081161 0.185863579398
519 4152 3.01755984127 0 0 0.0881424409284 0.0760102370373 0.0419698964205 0.0164851595682 0.200816931552
520 4160 2.71052137302 0 0 0.0749542103599 0.0638454921151 0.0378960244389 0.0145245996437 0.180616244251
521 4168 2.18677428828 0 0 0.0584337655387 0.0493734943861 0.0304937196925 0.0114076857539 0.143240641049
522 4176 1.95816677413 0 0 0.050278796928 0.0416062938976 0.0272232960879 0.00979387466312 0.127946722059
523 4184 1.68111765075 0 0 0.0438676096458 0.0355622291095 0.0231400687746 0.00839442882691 0.109547716221
524 4192 1.55676228084 0 0 0.0410240079473 0.0326188966434 0.0213367462278 0.00791003496951 0.102015568273
525 4200 1.31635720294 0 0 0.0333207291681 0.0277560720415 0.0180467258064 0.00654356331884 0.0851344792417
526 4208 1.26184748044 0 0 0.031320476359 0.0267178899383 0.0165973887565 0.00608195808569 0.078792893301
527 4216 1.12067203988 0 0 0.0275598767279 0.0229243127167 0.0147832433898 0.00535966118897 0.0710934841552
528 4224 1.15301032191 0 0 0.026961264303 0.0228957782639 0.0163682026908 0.00535354383317 0.0757744280655
529 4232 1.12247211786 0 0 0.0252509186734 0.0218138939493 0.0158869577842 0.00503882062238 0.0727797710284
530 4240 1.08690119253 0 0 0.022228678013 0.0204286296856 0.0159608400641 0.00479302090694 0.0699660921853
531 4248 0.958757133792 0 0 0.018405968214 0.0168183822468 0.0138563864911 0.00404925086044 0.0608024991869
532 4256 0.735047126558 0 0 0.0135589002393 0.0126307455291 0.0103404217049 0.00301000566537 0.0454077362918
533 4264 0.705902654142 0 0 0.0126197789422 0.0119548224078 0.00955527402229 0.00279812225094 0.0411314629789
534 4272 0.667234446831 0 0 0.0114797443561 0.0112321097888 0.0091303357193 0.00264930083727 0.0380096311565
535 4280 0.648967021855 0 0 0.0116285029363 0.0104670991479 0.0088073648259 0.00261851050525 0.0378807643627
536 4288 0.680339874065 0 0 0.0117698264939 0.0104523835331 0.00885583464141 0.00262662215688 0.0383921607163
537 4296 0.675488143545 0 0 0.0119569933699 0.0100435116334 0.00903439244258 0.00252745976634 0.0395828958604
538 4304 0.636802974319 0 0 0.0109676377597 0.00987654724643 0.00839182525519 0.00238439678713 0.0369031276774
539 4312 0.622662277541 0 0 0.0106436374939 0.0102104039972 0.00809478018185 0.00230503819966 0.0356843030177
540 4320 0.551402234329 0 0 0.00917430045055 0.00919602448698 0.00725455633959 0.00193426348049 0.0319913155391
541 4328 0.528244871994 0 0 0.00872083689917 0.00869193418438 0.00687175818051 0.00187124597697 0.0305860455063
542 4336 0.506854077967 0 0 0.00855554261287 0.00822387333529 0.00647440835379 0.001786990449 0.0290351178246
543 4344 0.458846268755 0 0 0.00758754689456 0.00730918249915 0.00569048013438 0.00160763922935 0.0253372504039
544 4352 0.43654320779 0 0 0.00737344343387 0.006819497645 0.00546870988211 0.00159309131938 0.0249567440603
545 4360 0.404313400124 0 0 0.00667990896803 0.0060277745486 0.0050342597857 0.00143821140496 0.0226817579979
546 4368 0.375545623461 0 0 0.00595476133891 0.0059283349091 0.00462544362592 0.00126335776008 0.0204646287364
547 4376 0.319186827476 0 0 0.00485332875214 0.00489510864237 0.00371878585713 0.00104061884944 0.0164381345652
548 4384 0.293181581814 0 0 0.00451675949318 0.00423610406233 0.00346826795215 0.000980946134788 0.0155091672613
549 4392 0.29309451303 0 0 0.00433724587017 0.00408654194157 0.00352071733034 0.000927787065847 0.0156266512133
550 4400 0.3188358381 0 0 0.00469349916252 0.00442643198209 0.00369269282636 0.000980954548409 0.0167003255225
551 4408 0.304301162656 0 0 0.00436585330774 0.00407459392657 0.00339829766062 0.000927225909075 0.015518996387
552 4416 0.311236183011 0 0 0.00437475406095 0.00408888601964 0.00343009034506 0.000951225960184 0.0156342132208
553 4424 0.33963548588 0 0 0.00507145832743 0.00445670693824 0.00402873085965 0.0010445697386 0.0184809390143
554 4432 0.295422902054 0 0 0.00426757305857 0.00381815991798 0.00350094557159 0.000853363643147 0.0158182746728
555 4440 0.290333720964 0 0 0.0039870500775 0.00356259483365 0.00329232989014 0.000812716383187 0.0145927409332
556 4448 0.250293109019 0 0 0.0032700855832 0.00288200143274 0.00277689119933 0.000688883867122 0.0123167055124
557 4456 0.273050409743 0 0 0.00356451552839 0.00340087671444 0.00339502161234 0.000769313297613 0.0155026922533
558 4464 0.30103879867 0 0 0.00382745560841 0.00398878060554 0.00413151921586 0.000837105805784 0.018248491453
559 4472 0.266404072505 0 0 0.00347208251293 0.00346690392957 0.00364593311572 0.000744514639312 0.0160880695315
560 4480 0.276439868996 0 0 0.0034679749125 0.00364619329149 0.00403093003149 0.000745576595856 0.0173430327564
561 4488 0.294470951614 0 0 0.0036616228507 0.00382973051275 0.0044495467939 0.000755808798437 0.0188230421865
562 4496 0.291734986559 0 0 0.00376293453918 0.00362661859767 0.00438951516622 0.000793208341854 0.0184376804396
563 4504 0.272051295129 0 0 0.00347270164356 0.00333564409527 0.00399146773533 0.00071159827738 0.0168005687683
564 4512 0.226035376055 0 0 0.00284321933207 0.00271114271728 0.00316581803639 0.000592757774551 0.0131759809039
565 4520 0.217163079818 0 0 0.00258339480191 0.00263747030249 0.00294425148798 0.000552721820237 0.0122280508542
566 4528 0.176351013925 0 0 0.00199770587657 0.00209452626903 0.00236678589791 0.000428027666561 0.00995539420521
567 4536 0.18966364964 0 0 0.00219028638918 0.00216505461084 0.00278703482443 0.000461298163399 0.0116472535309
568 4544 0.16831136574 0 0 0.00190282110977 0.00190294520771 0.00249989044911 0.000399582486389 0.010498701035
569 4552 0.203344057024 0 0 0.00309789518117 0.00239177072174 0.00320470259833 0.000560957094116 0.0140581618382
570 4560 0.194775463033 0 0 0.00291766014283 0.00213965020769 0.00295570369383 0.000533979472848 0.0129958365221
571 4568 0.173234375861 0 0 0.00251276238711 0.00183850050049 0.00251233959426 0.000474488426419 0.0110959617218
572 4576 0.171481615953 0 0 0.00235170056691 0.00184663910639 0.00232262061678 0.000449796709888 0.0102435630822
573 4584 0.172711016931 0 0 0.00228569951506 0.00183067814626 0.00229655201874 0.000459365569178 0.0100174730143
574 4592 0.153668189666 0 0 0.0020303774762 0.00161595110983 0.00205348109658 0.000398833469849 0.0089212079939
575 4600 0.157978395905 0 0 0.00205976228264 0.00161489842003 0.00201434846474 0.000410160663445 0.00889317973098
576 4608 0.162750723347 0 0 0.00210166216364 0.00160463455126 0.00200442859126 0.000413755971351 0.00883780275643
577 4616 0.153765542352 0 0 0.00194412554988 0.00146743224194 0.00181175579789 0.000387504203003 0.0079571178245
578 4624 0.14778124748 0 0 0.00179655780139 0.00145724159563 0.00172004988895 0.000373142532005 0.00755123265351
579 4632 0.148283404357 0 0 0.00172145828611 0.00148749986125 0.00176376962952 0.000397544120298 0.00772984079373
580 4640 0.166522611525 0 0 0.001937894417 0.0016951910548 0.00199856436875 0.000459934013419 0.00870450949857
581 4648 0.147653120716 0 0 0.00167263138958 0.00146349048396 0.00173661356634 0.000387923739193 0.00749430204417
582 4656 0.145385694769 0 0 0.00155646454578 0.00146390556968 0.00164494306861 0.000355854950313 0.00704087069063
583 4664 0.117097899904 0 0 0.00118906895338 0.00114219087617 0.00127694769728 0.000277608896435 0.00543683489051
584 4672 0.125716435793 0 0 0.00119953680488 0.00128504562387 0.00158506992554 0.000286269650183 0.00655408494482
585 4680 0.141300065149 0 0 0.00133809691999 0.00147907573493 0.00186054791185 0.000337734578075 0.00753125493844
586 4688 0.147558036068 0 0 0.00135981622813 0.00151991073521 0.00195129089077 0.000373330095405 0.00789020732386
587 4696 0.143246679734 0 0 0.00139079306038 0.00150849790974 0.00204208848823 0.000386578946386 0.00834593994752
588 4704 0.141323191656 0 0 0.00136073671248 0.00143403900959 0.00197394785981 0.000369515049228 0.00804818445163
589 4712 0.160232379192 0 0 0.00149485267128 0.00161546070868 0.00212662571476 0.000403317195817 0.00861841230359
590 4720 0.171676632682 0 0 0.00155122186921 0.0016674354804 0.00215944113265 0.000420127343235 0.00880022948416
591 4728 0.224644630348 0 0 0.00202221035212 0.00213482306864 0.0031221106904 0.000543817854962 0.0123989020134
592 4736 0.214944477003 0 0 0.00200627217872 0.00197993004022 0.00295123758274 0.000584614714239 0.0116865825166
593 4744 0.215454150743 0 0 0.00193362857659 0.00201752002452 0.00347438104995 0.000583035031157 0.0132046036801
594 4752 0.240656823549 0 0 0.00210855221077 0.00212991098845 0.00413370760963 0.000666844550774 0.0153142669863
595 4760 0.242153707972 0 0 0.00223388880012 0.00208609095553 0.0043610890793 0.000654105780307 0.0163435164919
596 4768 0.241210664036 0 0 0.00234574437587 0.00203799857438 0.00428214701687 0.000652032547136 0.0162904137183
597 4776 0.238585511755 0 0 0.0023245130137 0.00199896786311 0.00414441097769 0.000651338641672 0.0155660689448
598 4784 0.240005496049 0 0 0.00249919382744 0.00201681830751 0.004064547076 0.000653614600763 0.0154345771246
599 4792 0.258413990913 0 0 0.00259220735887 0.00212002412941 0.00423161683886 0.000715137268453 0.0158500187316
600 4800 0.290378672047 0 0 0.00285751799315 0.00228666455176 0.00478042050162 0.000816782680656 0.0177565918654
601 4808 0.299622860866 0 0 0.0028621473582 0.00226653908626 0.00519803166154 0.000861427762688 0.0187038483713
602 4816 0.26440138112 0 0 0.00249993331384 0.00195463757734 0.00448139849279 0.000742143714717 0.0161137477773
603 4824 0.233695411738 0 0 0.00217589126884 0.00165503043481 0.00389874014283 0.000681139049859 0.0139613556493
604 4832 0.195219553695 0 0 0.00179744380796 0.00133507834732 0.00335006588283 0.000558441407775 0.0120041543537
605 4840 0.196317509234 0 0 0.00174269633725 0.00135721270878 0.00335984190997 0.000521314722455 0.0121130514462
606 4848 0.188470995594 0 0 0.00161009847492 0.00128730331972 0.00307179614778 0.000478494649756 0.0110228761824
607 4856 0.169805927528 0 0 0.00141311433575 0.00110672909861 0.00275929386207 0.000423412177031 0.00977153837995
608 4864 0.183715412085 0 0 0.00151062071046 0.00120482664194 0.0032132241314 0.0004414697936 0.0112489152755
609 4872 0.172303309438 0 0 0.00132750731282 0.00107404229377 0.0029133256035 0.000402002619816 0.0101523340646
610 4880 0.148429408224 0 0 0.00107033632382 0.000919205118799 0.00243668686344 0.000336999991937 0.00843573645715
610 4880 0.148429408224 0 0 0.00107033632382 0.000919205118799 0.00243668686344 0.000336999991937 0.00843573645715
