%  columns="iteration, evaluation, sigma, max axis length,  min axis length, all principle axes lengths  (sorted square roots of eigenvalues of C)", seed=985740, Sun Dec 16 04:59:11 2018
1 8 0.405962204491 1.0000400008 1.0 1.0 1.00001000005 1.0000200002 1.00003000045 1.0000400008
2 16 0.382303938871 1.00781587664 0.909828416286 0.909828416286 0.950411671537 0.97343646656 0.974970727327 1.00781587664
3 24 0.349717738358 1.0814247748 0.882216678134 0.882216678134 0.917676177832 0.931015215958 0.939757853986 1.0814247748
4 32 0.291065352429 1.02376618815 0.850648735305 0.850648735305 0.903708337038 0.920783855823 0.959116041659 1.02376618815
5 40 0.316521962844 1.02166870311 0.785442140313 0.785442140313 0.864091786343 0.908608376172 0.954793485836 1.02166870311
6 48 0.297708727965 1.12952712741 0.774673868228 0.774673868228 0.847999844811 0.901829267501 0.946651836891 1.12952712741
7 56 0.287168651516 1.1714184427 0.783016123254 0.783016123254 0.818498567263 0.838266906223 0.925088474728 1.1714184427
8 64 0.261226557654 1.15137155156 0.771834745349 0.771834745349 0.808255402406 0.861929171829 0.888658946486 1.15137155156
9 72 0.249881472998 1.12469908443 0.740241463307 0.740241463307 0.743278176452 0.834248013418 0.886852678117 1.12469908443
10 80 0.264514899783 1.15532873071 0.708960259446 0.708960259446 0.733450659955 0.778652996912 0.868175937533 1.15532873071
11 88 0.229668483723 1.22433167146 0.675638240677 0.675638240677 0.71773029929 0.786087324855 0.841400597111 1.22433167146
12 96 0.199804358507 1.18374270101 0.657090336042 0.657090336042 0.693611927355 0.767239748258 0.802832651344 1.18374270101
13 104 0.185943933263 1.12542778444 0.631066035188 0.631066035188 0.666558885103 0.741056682501 0.807386224393 1.12542778444
14 112 0.162566999203 1.09315704502 0.58248627578 0.58248627578 0.687438695205 0.721315181658 0.784934983706 1.09315704502
15 120 0.15256241767 1.0492448862 0.554305019946 0.554305019946 0.68822768955 0.713854788779 0.783106616464 1.0492448862
16 128 0.145349007513 1.0552219268 0.532762633313 0.532762633313 0.669150577394 0.733867118988 0.789538453621 1.0552219268
17 136 0.132521056762 1.05820581789 0.519346358206 0.519346358206 0.656645068851 0.685755032933 0.762862205554 1.05820581789
18 144 0.126192828517 1.04869282959 0.499938652512 0.499938652512 0.625164456148 0.671671508693 0.745751950267 1.04869282959
19 152 0.123205338601 1.09110912519 0.519326995354 0.519326995354 0.604732601202 0.631581770583 0.728325584618 1.09110912519
20 160 0.107689233367 1.17730904358 0.495540314345 0.495540314345 0.580405643464 0.632583838463 0.717434972839 1.17730904358
21 168 0.107202783198 1.20850815723 0.499596235754 0.499596235754 0.544758210295 0.588090972619 0.71421244883 1.20850815723
22 176 0.104820911543 1.1980730535 0.496992454311 0.496992454311 0.540703477436 0.569022159652 0.72728486494 1.1980730535
23 184 0.0981311907657 1.15757329408 0.502016127341 0.502016127341 0.520242835994 0.546979338616 0.734669377781 1.15757329408
24 192 0.106200532968 1.14838297177 0.481842444318 0.481842444318 0.494718576092 0.530972283909 0.724799722943 1.14838297177
25 200 0.0929613227323 1.11524878902 0.466355803326 0.466355803326 0.499787099306 0.519859904693 0.781894861217 1.11524878902
26 208 0.0772356699443 1.11304209774 0.44897059953 0.44897059953 0.482446804465 0.496840665589 0.762669473785 1.11304209774
27 216 0.06982988747 1.07613133994 0.419561613941 0.419561613941 0.465555167719 0.484002991399 0.747325767028 1.07613133994
28 224 0.0708578075692 1.02189329381 0.423362531731 0.423362531731 0.446648952421 0.47875836444 0.74770504235 1.02189329381
29 232 0.0709272170443 1.01170177642 0.419084361795 0.419084361795 0.446235741823 0.479814804189 0.714725940998 1.01170177642
30 240 0.0676139100925 1.00973519703 0.397937466023 0.397937466023 0.443371616712 0.4975793831 0.707979354371 1.00973519703
31 248 0.0659365583074 1.03062029122 0.392880544686 0.392880544686 0.439606285877 0.485464721351 0.689948272698 1.03062029122
32 256 0.0613871543744 0.98056687669 0.410281204592 0.410281204592 0.420635905326 0.493520523866 0.684264678992 0.98056687669
33 264 0.0650178108749 0.960029255831 0.395287507279 0.395287507279 0.420365068706 0.480523709118 0.669793098893 0.960029255831
34 272 0.0646684257562 0.969074322307 0.382338394831 0.382338394831 0.460311561166 0.474207172887 0.642744020801 0.969074322307
35 280 0.0753576466788 0.961471372764 0.369958576626 0.369958576626 0.452689459128 0.54187220987 0.657503135581 0.961471372764
36 288 0.0663443040166 0.94333540599 0.366050322027 0.366050322027 0.442625919984 0.520433435582 0.768730394144 0.94333540599
37 296 0.0567180975997 0.929985209685 0.370593849268 0.370593849268 0.429890768628 0.509372643284 0.728914357064 0.929985209685
38 304 0.0549150376839 0.904564237471 0.361120973515 0.361120973515 0.406593102756 0.480792979626 0.712563311313 0.904564237471
39 312 0.0540757732712 0.904041923458 0.352677929064 0.352677929064 0.424506552652 0.456510135387 0.70539570655 0.904041923458
40 320 0.0512381493481 0.866928572076 0.34980127155 0.34980127155 0.427724000466 0.469217798802 0.747913764525 0.866928572076
41 328 0.0484164234957 0.907823954232 0.348656720587 0.348656720587 0.411958659218 0.469709132018 0.718038001602 0.907823954232
42 336 0.0485447773867 0.899606478848 0.350888139483 0.350888139483 0.420267118903 0.445021772526 0.687979519712 0.899606478848
43 344 0.0443357732664 0.903496474232 0.347762470827 0.347762470827 0.428458168306 0.436256943848 0.650587642531 0.903496474232
44 352 0.0395540947793 0.897936562522 0.335904336158 0.335904336158 0.416533133699 0.451901188517 0.601737159891 0.897936562522
45 360 0.0378924082351 0.875311625087 0.323070518875 0.323070518875 0.38404918176 0.451505565605 0.584766279999 0.875311625087
46 368 0.03622400474 0.856044337629 0.313745299772 0.313745299772 0.37861169198 0.464359385194 0.564505918286 0.856044337629
47 376 0.0363252825233 0.841544357878 0.303521764548 0.303521764548 0.354724382972 0.467492853799 0.553299979219 0.841544357878
48 384 0.0333834165442 0.892188314071 0.282782739707 0.282782739707 0.337372028488 0.462231846887 0.546682438309 0.892188314071
49 392 0.031510880261 0.846448779073 0.278858329511 0.278858329511 0.318054232697 0.453347832584 0.567935227469 0.846448779073
50 400 0.0315234828511 0.837586917796 0.276372165681 0.276372165681 0.295991907998 0.445181533746 0.55539277095 0.837586917796
51 408 0.0357546297923 0.813197560381 0.27083192574 0.27083192574 0.28961334716 0.468006126193 0.541857927408 0.813197560381
52 416 0.0394027496517 0.911376352326 0.260611089967 0.260611089967 0.285966838611 0.451516964724 0.556699038018 0.911376352326
53 424 0.0406957950572 1.00228502554 0.248481577072 0.248481577072 0.281441211278 0.434675296601 0.5489210147 1.00228502554
54 432 0.0424953282986 1.03708074727 0.243789808191 0.243789808191 0.273312137164 0.4122837255 0.526641000707 1.03708074727
55 440 0.0389829661443 1.04518531694 0.252357053211 0.252357053211 0.279871640603 0.389995236921 0.515247205364 1.04518531694
56 448 0.0380795070733 0.997139046717 0.247217865012 0.247217865012 0.268984663066 0.381214294063 0.513830483866 0.997139046717
57 456 0.0395483212512 1.00053172002 0.231340375028 0.231340375028 0.267855805695 0.383830919501 0.504535952584 1.00053172002
58 464 0.0439656981964 1.01917680006 0.225613834591 0.225613834591 0.260510284224 0.393686523316 0.494633082693 1.01917680006
59 472 0.048641832242 1.00940830279 0.232544263597 0.232544263597 0.249389890063 0.393852903068 0.522394476998 1.00940830279
60 480 0.0485445124883 1.00874374243 0.240296178814 0.240296178814 0.254203484961 0.380808505096 0.535618655643 1.00874374243
61 488 0.0503328896572 0.984602733368 0.23918808937 0.23918808937 0.246830415152 0.37971425894 0.525890388311 0.984602733368
62 496 0.0451248886204 1.03282971971 0.226769128692 0.226769128692 0.235398439593 0.372523428476 0.52909935286 1.03282971971
63 504 0.042814048359 1.00157015281 0.219165054886 0.219165054886 0.230689077468 0.367344403791 0.521821065019 1.00157015281
64 512 0.0418841507765 0.922975390919 0.21681629114 0.21681629114 0.246836632841 0.358052344193 0.503124082956 0.922975390919
65 520 0.0456557909014 0.911876553203 0.206125893253 0.206125893253 0.239939614043 0.34753829368 0.49698825061 0.911876553203
66 528 0.0539847491279 0.898133047507 0.194261484116 0.194261484116 0.237148491217 0.356861595998 0.534510208094 0.898133047507
67 536 0.0522851946303 0.965870158584 0.189790138985 0.189790138985 0.225945635388 0.345195288102 0.57803147827 0.965870158584
68 544 0.059313665858 0.946404524664 0.188912763094 0.188912763094 0.209908374234 0.339580201848 0.569636889024 0.946404524664
69 552 0.0643548312287 1.06402721422 0.189279501536 0.189279501536 0.207436202705 0.329552222571 0.545268219308 1.06402721422
70 560 0.0721120733554 1.10267574416 0.193395258979 0.193395258979 0.200399445587 0.335508200314 0.529943428612 1.10267574416
71 568 0.066417352218 1.20828019735 0.191704754107 0.191704754107 0.1950783057 0.35152384388 0.505918003649 1.20828019735
72 576 0.0597654272857 1.16708487508 0.186187013614 0.186187013614 0.192138318332 0.347353450318 0.509621637833 1.16708487508
73 584 0.0584525571141 1.1435052495 0.176197080004 0.176197080004 0.193967664657 0.335327353951 0.505593478309 1.1435052495
74 592 0.0576083852453 1.12894921674 0.168676435823 0.168676435823 0.195871221544 0.321589970449 0.512737910279 1.12894921674
75 600 0.0614501145734 1.13627173356 0.162841536552 0.162841536552 0.191232472889 0.343569787361 0.501551757791 1.13627173356
76 608 0.0621301577266 1.10064274238 0.156743224874 0.156743224874 0.186101480098 0.334141787561 0.596722514865 1.10064274238
77 616 0.0710247525433 1.12039903619 0.144615137868 0.144615137868 0.181892579947 0.334372186895 0.603891228728 1.12039903619
78 624 0.0685838326528 1.08485689222 0.145076772358 0.145076772358 0.182227238162 0.315657066392 0.708616804371 1.08485689222
79 632 0.062229132653 1.13930960555 0.137038245701 0.137038245701 0.178526488726 0.318065571377 0.6924427052 1.13930960555
80 640 0.0640217936352 1.07018843787 0.13512874113 0.13512874113 0.173728424714 0.3140283739 0.681372827519 1.07018843787
81 648 0.0633743545274 1.12438014619 0.128418865108 0.128418865108 0.186192656458 0.296767514148 0.646691282901 1.12438014619
82 656 0.0681622405979 1.07124906278 0.132923997159 0.132923997159 0.184025681312 0.28480762687 0.646308693612 1.07124906278
83 664 0.0595844696815 1.14201136359 0.129131057785 0.129131057785 0.179024509375 0.31421015894 0.614398641669 1.14201136359
84 672 0.0477539192568 1.14098650348 0.123447905954 0.123447905954 0.171934447384 0.299508711359 0.608726813874 1.14098650348
85 680 0.0451882834147 1.10933020596 0.122060181222 0.122060181222 0.167701043766 0.272966173815 0.590515159282 1.10933020596
86 688 0.0460719713656 1.07776467558 0.127079850118 0.127079850118 0.165193702635 0.268870272449 0.561098381866 1.07776467558
87 696 0.0448201976309 1.03648734768 0.121129883625 0.121129883625 0.161770668998 0.28703593763 0.568145860169 1.03648734768
88 704 0.0454027265992 1.0359948752 0.113754369445 0.113754369445 0.16319694269 0.2783871578 0.550926023837 1.0359948752
89 712 0.0459084894404 0.986358608951 0.111020855982 0.111020855982 0.176866860685 0.267323482995 0.546596614013 0.986358608951
90 720 0.0391298179512 1.01798910185 0.105464655506 0.105464655506 0.174689313839 0.258424407612 0.52696187518 1.01798910185
91 728 0.0349831095921 0.949275473349 0.104197582613 0.104197582613 0.170552094388 0.258689623566 0.53197714886 0.949275473349
92 736 0.0347600215478 0.904499477485 0.104524407108 0.104524407108 0.160207194754 0.24828646725 0.541456329981 0.904499477485
93 744 0.035004681 0.911620912056 0.105313354824 0.105313354824 0.155491053925 0.249497167875 0.534365164479 0.911620912056
94 752 0.0352142440994 0.884557193179 0.107641039323 0.107641039323 0.153624215338 0.248990925823 0.512219375153 0.884557193179
95 760 0.0367029299592 0.877498307102 0.104900480683 0.104900480683 0.142769999165 0.274856181639 0.493669796977 0.877498307102
96 768 0.0358214423666 0.900314511474 0.103288537987 0.103288537987 0.133819948351 0.265660900564 0.521041186931 0.900314511474
97 776 0.0323239497045 0.901121721103 0.0998116708914 0.0998116708914 0.132708381412 0.264143939345 0.503313200012 0.901121721103
98 784 0.0322936852753 0.879101477963 0.0964971952851 0.0964971952851 0.128922063925 0.249458619403 0.510557052609 0.879101477963
99 792 0.0430000988238 0.858660373225 0.092280606868 0.092280606868 0.121496322372 0.270322161999 0.496998381088 0.858660373225
100 800 0.0520862114402 0.883089761435 0.092013134932 0.092013134932 0.118668049795 0.287386470149 0.489681604221 0.883089761435
101 808 0.0631122315333 0.842750439846 0.0903577962217 0.0903577962217 0.113766737168 0.297097883327 0.537815896817 0.842750439846
102 816 0.0723200721868 0.872793911776 0.0840766365728 0.0840766365728 0.106810062249 0.314328260147 0.575238972287 0.872793911776
103 824 0.0766280374688 0.880039014859 0.0860953295674 0.0860953295674 0.0993133901888 0.3018699431 0.626316598628 0.880039014859
104 832 0.0753676667813 0.851757970772 0.0871025482729 0.0871025482729 0.096561616657 0.29645096373 0.610236720311 0.851757970772
105 840 0.0749945918721 0.807314183797 0.0860357919633 0.0860357919633 0.0980149354643 0.299893050772 0.602087082337 0.807314183797
106 848 0.0733878310969 0.795963225557 0.0881592281623 0.0881592281623 0.0972951941269 0.288099121382 0.597270643847 0.795963225557
107 856 0.0765916403762 0.77397508883 0.0855933903029 0.0855933903029 0.0947006571745 0.28972719423 0.605219631039 0.77397508883
108 864 0.0743176059464 0.745382174746 0.0893885765338 0.0893885765338 0.0939051107102 0.296284331881 0.565453219437 0.745382174746
109 872 0.0694618627048 0.748231846181 0.0856026341963 0.0856026341963 0.100540212753 0.284278836132 0.57561742015 0.748231846181
110 880 0.0612008689287 0.728987556416 0.0857273033212 0.0857273033212 0.0965779454733 0.277154290929 0.568707109143 0.728987556416
111 888 0.0559681044442 0.680575409695 0.080899189464 0.080899189464 0.0952429080186 0.270422448673 0.559209836943 0.680575409695
112 896 0.0662635717025 0.677002344714 0.0788372560663 0.0788372560663 0.0893890294903 0.265141701449 0.554886215161 0.677002344714
113 904 0.0870136901997 0.706887905408 0.0862327773455 0.0862327773455 0.0933397210614 0.249173245557 0.54730543453 0.706887905408
114 912 0.0946182636531 0.731154602682 0.0850824070575 0.0850824070575 0.09983655422 0.247548967065 0.526017256921 0.731154602682
115 920 0.0914752784822 0.698023554059 0.0874232476874 0.0874232476874 0.0998490274762 0.239319556647 0.53368323349 0.698023554059
116 928 0.0915813041915 0.701575367686 0.0860922797389 0.0860922797389 0.106799934394 0.224450747403 0.524675924883 0.701575367686
117 936 0.0850675880127 0.730414479177 0.0807487695298 0.0807487695298 0.103836687395 0.225135987456 0.551802231757 0.730414479177
118 944 0.074111379713 0.702508007492 0.0826755006591 0.0826755006591 0.102284858661 0.216030762225 0.53233511267 0.702508007492
119 952 0.0636027670754 0.658000374911 0.0807831554234 0.0807831554234 0.0986308760467 0.20365075772 0.527202333887 0.658000374911
120 960 0.06430590567 0.667951346264 0.0772943039766 0.0772943039766 0.0924547065669 0.194678357411 0.515702884645 0.667951346264
121 968 0.0582166546478 0.679798115604 0.0740518945839 0.0740518945839 0.0890992787281 0.203880571186 0.487299432139 0.679798115604
122 976 0.0639342521879 0.658941112026 0.0709557219363 0.0709557219363 0.0849445184678 0.205927976897 0.467183365436 0.658941112026
123 984 0.0662380032231 0.678372791294 0.0662695352806 0.0662695352806 0.08184889322 0.236067561139 0.44927259027 0.678372791294
124 992 0.0629941181791 0.653618859658 0.0635288450168 0.0635288450168 0.0797927491683 0.232929532208 0.463524322232 0.653618859658
125 1000 0.0648529309278 0.646557709013 0.0614896477191 0.0614896477191 0.0781019004351 0.228695239578 0.467665847492 0.646557709013
126 1008 0.0568843700429 0.661794371752 0.065962860135 0.065962860135 0.0781053957098 0.225810627791 0.450445333535 0.661794371752
127 1016 0.0563040500916 0.662176111974 0.0638628616793 0.0638628616793 0.0755304603408 0.224734360693 0.422309770966 0.662176111974
128 1024 0.053226848225 0.64651326317 0.0631001191547 0.0631001191547 0.073840174317 0.223045186937 0.41772160378 0.64651326317
129 1032 0.0464697838464 0.644312948356 0.0608855262404 0.0608855262404 0.0718818162504 0.224499314364 0.406493949881 0.644312948356
130 1040 0.0457457038357 0.602220845452 0.0596253780707 0.0596253780707 0.0700622434447 0.228971364864 0.386504302236 0.602220845452
131 1048 0.0429836663673 0.58511164323 0.0580015947766 0.0580015947766 0.0665519790749 0.233461624727 0.385744749003 0.58511164323
132 1056 0.0421503710014 0.596411028679 0.05649942532 0.05649942532 0.0646274365869 0.226315300527 0.357680436659 0.596411028679
133 1064 0.0467217972264 0.58983249448 0.0572403005971 0.0572403005971 0.0607366762864 0.237066916618 0.346850147128 0.58983249448
134 1072 0.0438536687158 0.6477226901 0.0561748129266 0.0561748129266 0.058939202801 0.236468814644 0.332769231557 0.6477226901
135 1080 0.039192389112 0.634171241626 0.0542945309379 0.0542945309379 0.0602271900922 0.241592093031 0.320411310068 0.634171241626
136 1088 0.0403115239692 0.59482945974 0.0543992818124 0.0543992818124 0.0584055733397 0.242011641516 0.312042708903 0.59482945974
137 1096 0.0447077976249 0.574592809679 0.0534839539058 0.0534839539058 0.0561012469164 0.239103164756 0.347844547849 0.574592809679
138 1104 0.0444119748036 0.594509912702 0.0530379459637 0.0530379459637 0.0620504577884 0.233938664482 0.335632583653 0.594509912702
139 1112 0.0432560873595 0.594246111346 0.0531624641952 0.0531624641952 0.0615818460652 0.235463493341 0.320203815195 0.594246111346
140 1120 0.046078379882 0.587560408411 0.0526384343372 0.0526384343372 0.0596348092695 0.235812849235 0.309714722745 0.587560408411
141 1128 0.0485810957677 0.604920038958 0.0537761827154 0.0537761827154 0.0571634989733 0.238758247481 0.307460333944 0.604920038958
142 1136 0.0406925781894 0.646764383354 0.0510806685786 0.0510806685786 0.0558358705773 0.224207250889 0.312997854663 0.646764383354
143 1144 0.0388324951952 0.646004979093 0.0485325990895 0.0485325990895 0.0546155003865 0.219376121557 0.316128663521 0.646004979093
144 1152 0.0381311446352 0.646875693349 0.0489556807773 0.0489556807773 0.0526359540663 0.218863010628 0.305937570622 0.646875693349
145 1160 0.0387396421959 0.649301341298 0.0473113033332 0.0473113033332 0.0519972370227 0.214743167491 0.299334430747 0.649301341298
146 1168 0.0333998282867 0.636793029523 0.045846805392 0.045846805392 0.0544352122205 0.220541933045 0.284046729188 0.636793029523
147 1176 0.0324759752592 0.584328366004 0.0446297308369 0.0446297308369 0.0526593622151 0.219948433567 0.29987507795 0.584328366004
148 1184 0.0309430201663 0.560449571566 0.0430156506999 0.0430156506999 0.0506079518845 0.208339720209 0.348952541926 0.560449571566
149 1192 0.0282005826035 0.547708290372 0.0421945226608 0.0421945226608 0.052200259449 0.205763990555 0.340473538855 0.547708290372
150 1200 0.0264798293602 0.517115406997 0.0412330302358 0.0412330302358 0.0522257028379 0.195361368537 0.338546214249 0.517115406997
151 1208 0.0240831381704 0.53458886165 0.0392056368918 0.0392056368918 0.0505967715674 0.190762099565 0.324521631604 0.53458886165
152 1216 0.0252796083439 0.518948995553 0.0379775624597 0.0379775624597 0.0481724048109 0.187539471434 0.32897859606 0.518948995553
153 1224 0.028008645556 0.562492550586 0.0377860399537 0.0377860399537 0.0457540321185 0.18215107364 0.315119343936 0.562492550586
154 1232 0.0264419788974 0.589160503853 0.0362917686691 0.0362917686691 0.0437073717858 0.173453360522 0.354740061161 0.589160503853
155 1240 0.0267013553604 0.54732619148 0.0355652668507 0.0355652668507 0.0422545769474 0.169588564331 0.354885850745 0.54732619148
156 1248 0.0258850283636 0.547230466826 0.035231898889 0.035231898889 0.0434284876053 0.168581384922 0.340173413901 0.547230466826
157 1256 0.0276952234637 0.51681000642 0.036325787963 0.036325787963 0.0421917248763 0.166561779376 0.340303493632 0.51681000642
158 1264 0.0246502944689 0.571836290006 0.0355948154242 0.0355948154242 0.0409933470943 0.164929346207 0.342373086712 0.571836290006
159 1272 0.0260580427426 0.589985216846 0.0341273024095 0.0341273024095 0.0388120645531 0.160602068796 0.332164316215 0.589985216846
160 1280 0.0287489706778 0.565899214853 0.0324691159299 0.0324691159299 0.0393365274623 0.161451035176 0.362954146496 0.565899214853
161 1288 0.0264165839308 0.560709594742 0.0311191343346 0.0311191343346 0.0380118197385 0.164999057877 0.383636613456 0.560709594742
162 1296 0.0240361818917 0.551709088228 0.0294766600637 0.0294766600637 0.0368931111803 0.161959809695 0.381535063794 0.551709088228
163 1304 0.0237823367802 0.528293207486 0.0304350730732 0.0304350730732 0.0358752962844 0.154431504993 0.392162593965 0.528293207486
164 1312 0.0246801978615 0.519031537246 0.0295681451114 0.0295681451114 0.0357309729935 0.162637732293 0.38046476434 0.519031537246
165 1320 0.023095852669 0.487649841775 0.0293194876532 0.0293194876532 0.0392260975929 0.15702475909 0.377473097587 0.487649841775
166 1328 0.022661462418 0.486642353394 0.0291823224983 0.0291823224983 0.0376047764835 0.154742220415 0.360674286312 0.486642353394
167 1336 0.023486353229 0.500858924689 0.0295100926854 0.0295100926854 0.0357652812337 0.150698298751 0.352981629564 0.500858924689
168 1344 0.0220152620102 0.485987178152 0.0277106990974 0.0277106990974 0.0350682373085 0.171682381019 0.327199945719 0.485987178152
169 1352 0.0215900199662 0.47330456114 0.0276374025993 0.0276374025993 0.0341057291655 0.16419063691 0.318250659358 0.47330456114
170 1360 0.0244194970482 0.478355095764 0.029204014062 0.029204014062 0.0332856905781 0.154580292935 0.308661115281 0.478355095764
171 1368 0.0319483508999 0.451466887 0.0311424262124 0.0311424262124 0.0318762451478 0.15093351253 0.346772777974 0.451466887
172 1376 0.044896388985 0.442404061426 0.0310676987626 0.0310676987626 0.0332516049528 0.152022093547 0.351756085604 0.442404061426
173 1384 0.0455498187901 0.454035516863 0.0304551964735 0.0304551964735 0.0338268433329 0.147805198654 0.353677731775 0.454035516863
174 1392 0.0459449627304 0.434324706352 0.0308486180509 0.0308486180509 0.0327472743671 0.141378432023 0.351590725193 0.434324706352
175 1400 0.0456738284586 0.417983650604 0.03032406217 0.03032406217 0.0331527870738 0.137959726297 0.337023555996 0.417983650604
176 1408 0.0452341821829 0.413173330502 0.0298712965895 0.0298712965895 0.0337818204303 0.138586076111 0.314210503551 0.413173330502
177 1416 0.0413878012999 0.40838704161 0.0313491748484 0.0313491748484 0.0333808577964 0.140485605987 0.304161672478 0.40838704161
178 1424 0.0450889580045 0.408829354381 0.0297640976734 0.0297640976734 0.0325419251973 0.137642458631 0.321414016576 0.408829354381
179 1432 0.0442589777391 0.416428449028 0.0310311965904 0.0310311965904 0.0352128696943 0.133955080439 0.29997434128 0.416428449028
180 1440 0.0496572708263 0.399054485314 0.0307464961485 0.0307464961485 0.0366534656936 0.137364559993 0.314837919648 0.399054485314
181 1448 0.0766611653653 0.403221408192 0.0303912637453 0.0303912637453 0.0372153573022 0.143953062284 0.309680473765 0.403221408192
182 1456 0.0925727609343 0.419727310066 0.0300024027029 0.0300024027029 0.0367500048258 0.16261626856 0.318191826714 0.419727310066
183 1464 0.100363265658 0.426631413362 0.0300886108002 0.0300886108002 0.03602326522 0.157898249763 0.316529091614 0.426631413362
184 1472 0.112926300902 0.432896672734 0.029593984269 0.029593984269 0.0359777340039 0.170193779247 0.291958823469 0.432896672734
185 1480 0.11209743872 0.441781535125 0.0295076784513 0.0295076784513 0.0428648953743 0.158477977308 0.29864768495 0.441781535125
186 1488 0.127950820707 0.429548271127 0.0284395323306 0.0284395323306 0.0416648901119 0.156840201117 0.299073985183 0.429548271127
187 1496 0.12242265957 0.42418947679 0.0272667645893 0.0272667645893 0.0423234628062 0.156575487431 0.334172392566 0.42418947679
188 1504 0.124088783152 0.416163307422 0.0263269121532 0.0263269121532 0.0413622903853 0.148136295613 0.339916458344 0.416163307422
189 1512 0.11712835487 0.413369444326 0.0279955184479 0.0279955184479 0.0390194140194 0.143699196097 0.335366051262 0.413369444326
190 1520 0.113679349703 0.407114821407 0.0265708549508 0.0265708549508 0.0371975791732 0.143237185752 0.333373272354 0.407114821407
191 1528 0.106752649967 0.437747712747 0.0245785874245 0.0245785874245 0.036365190964 0.13680384156 0.349281367018 0.437747712747
192 1536 0.117055432364 0.417205141499 0.0232793683724 0.0232793683724 0.0349822229203 0.133467993678 0.35900210689 0.417205141499
193 1544 0.10197103701 0.416974379731 0.0237617145626 0.0237617145626 0.0349574229057 0.134392178328 0.375763179465 0.416974379731
194 1552 0.112413785276 0.427526272748 0.0225476562599 0.0225476562599 0.0347639528823 0.130903993589 0.363110546794 0.427526272748
195 1560 0.124504605661 0.475439866343 0.0220475082016 0.0220475082016 0.0346759446674 0.130284236011 0.348692296929 0.475439866343
196 1568 0.115607140493 0.496946871025 0.0209018753091 0.0209018753091 0.0335006867017 0.131302035586 0.368127493784 0.496946871025
197 1576 0.103848022038 0.484000576685 0.0207235492718 0.0207235492718 0.0324056647152 0.134533901632 0.352184683476 0.484000576685
198 1584 0.104229015853 0.474066683978 0.0201451236129 0.0201451236129 0.0309344735408 0.135408042404 0.339759076475 0.474066683978
199 1592 0.0926898323777 0.475405862953 0.0195579809465 0.0195579809465 0.0319214555132 0.136115220916 0.329605694413 0.475405862953
200 1600 0.0956179501345 0.47002493063 0.0186776511318 0.0186776511318 0.0314850830693 0.128040558331 0.331301231231 0.47002493063
201 1608 0.0863479665903 0.463339398936 0.0177919899267 0.0177919899267 0.0319111739195 0.140689972912 0.322375468686 0.463339398936
202 1616 0.074750032786 0.440521870023 0.0177505690516 0.0177505690516 0.0310754120992 0.138829425923 0.32614213835 0.440521870023
203 1624 0.0933515890663 0.45517596796 0.0167637428019 0.0167637428019 0.0302120332693 0.134827786375 0.319904543877 0.45517596796
204 1632 0.117779025955 0.459984291176 0.0158608500114 0.0158608500114 0.034405791753 0.137941648654 0.319321633739 0.459984291176
205 1640 0.131608546084 0.461935635457 0.0159306605559 0.0159306605559 0.0337738578605 0.134841997533 0.31679118459 0.461935635457
206 1648 0.129444817297 0.445406716484 0.015451156424 0.015451156424 0.0326592174347 0.138824205613 0.298222883551 0.445406716484
207 1656 0.137309142053 0.468192370878 0.0147000294734 0.0147000294734 0.0314839577997 0.136433797248 0.28836204245 0.468192370878
208 1664 0.137601359009 0.440126769333 0.0155015371597 0.0155015371597 0.0301266106615 0.138273444621 0.280312992635 0.440126769333
209 1672 0.128853788732 0.43635829747 0.0145458138937 0.0145458138937 0.0309710808929 0.137420171828 0.286143646406 0.43635829747
210 1680 0.131673617577 0.43889321383 0.0148908778606 0.0148908778606 0.029807142815 0.127362532511 0.280767566417 0.43889321383
211 1688 0.13680563473 0.451054044543 0.0143824828833 0.0143824828833 0.0285978693557 0.123423602162 0.293094040569 0.451054044543
212 1696 0.135853944147 0.489820026829 0.0141490920633 0.0141490920633 0.0279476046251 0.125213863421 0.281172947189 0.489820026829
213 1704 0.137156232767 0.504785065255 0.0136097672586 0.0136097672586 0.0268771063938 0.12338211199 0.271610768059 0.504785065255
214 1712 0.136101569781 0.520193968748 0.0131728455941 0.0131728455941 0.0260735344619 0.120993540234 0.257866108488 0.520193968748
215 1720 0.154299071223 0.499135906184 0.0130042275667 0.0130042275667 0.0251583304588 0.119364596755 0.273047915909 0.499135906184
216 1728 0.144472688813 0.504890454646 0.0122805015785 0.0122805015785 0.0260641410739 0.12732012268 0.280883767025 0.504890454646
217 1736 0.141342539317 0.509910969405 0.0117408459664 0.0117408459664 0.0261000206028 0.122522243952 0.276506207359 0.509910969405
218 1744 0.13376609674 0.520546002707 0.0116345141676 0.0116345141676 0.0263823454747 0.116380694426 0.261636648482 0.520546002707
219 1752 0.132620484713 0.513972655417 0.0113003935484 0.0113003935484 0.0267087667395 0.112443205569 0.250950699553 0.513972655417
220 1760 0.122239170033 0.529628913037 0.0112196095595 0.0112196095595 0.0258779078406 0.112631029075 0.240132226215 0.529628913037
221 1768 0.107207627085 0.521205169712 0.0108149631299 0.0108149631299 0.0252673454223 0.110607658582 0.23042894384 0.521205169712
222 1776 0.106627587898 0.54083922404 0.0107836899417 0.0107836899417 0.0239594279629 0.106868078313 0.216381512935 0.54083922404
223 1784 0.11099766946 0.568693028993 0.0106587459131 0.0106587459131 0.0242523282398 0.100927009829 0.208365905351 0.568693028993
224 1792 0.101619652423 0.562529494302 0.0109188784771 0.0109188784771 0.024511059796 0.0957778194848 0.20328148028 0.562529494302
225 1800 0.0982144338371 0.543556748289 0.0110094621559 0.0110094621559 0.0237745175603 0.0963842812347 0.20774405039 0.543556748289
226 1808 0.0909350452809 0.52271207074 0.0106734013738 0.0106734013738 0.0246830726877 0.091357582578 0.201362008822 0.52271207074
227 1816 0.0944322826866 0.519403836469 0.0102673958239 0.0102673958239 0.024156340998 0.0940435186164 0.200773663784 0.519403836469
228 1824 0.0747236063087 0.496701263239 0.0101225766875 0.0101225766875 0.0236671539136 0.101382771804 0.200599130265 0.496701263239
229 1832 0.0660592393908 0.485756422803 0.00973263361619 0.00973263361619 0.0228009970841 0.101767279581 0.195694506865 0.485756422803
230 1840 0.0671394519193 0.47796999615 0.0092980709816 0.0092980709816 0.0226741907114 0.103452894369 0.185914175215 0.47796999615
231 1848 0.0783389252029 0.463994120868 0.00977009492261 0.00977009492261 0.0220349181601 0.101310940873 0.18172496863 0.463994120868
232 1856 0.0747543569981 0.452155896519 0.00946199633703 0.00946199633703 0.0214541025133 0.105813737224 0.198705629725 0.452155896519
233 1864 0.0741159102808 0.477330570442 0.00923982460327 0.00923982460327 0.0210329823629 0.099075108888 0.192730535675 0.477330570442
234 1872 0.0798120892345 0.459480025471 0.0100985898883 0.0100985898883 0.0198512190332 0.0969746412465 0.190111218789 0.459480025471
235 1880 0.0788228747111 0.470621903158 0.0100592210687 0.0100592210687 0.0192199299172 0.101315873082 0.183833200051 0.470621903158
236 1888 0.0795714050611 0.505100370343 0.00981551907872 0.00981551907872 0.0194735675529 0.0970573573034 0.177338435029 0.505100370343
237 1896 0.0796672571087 0.47739893857 0.0108952613919 0.0108952613919 0.0184931588027 0.0969582952029 0.172992779685 0.47739893857
238 1904 0.0848698557622 0.46580287942 0.0111272536963 0.0111272536963 0.0183505261364 0.0933727135512 0.165251854948 0.46580287942
239 1912 0.0877978482199 0.461797867175 0.0113503098092 0.0113503098092 0.0198717872583 0.0884743208309 0.16266164715 0.461797867175
240 1920 0.0952687751912 0.442795422369 0.0114118202577 0.0114118202577 0.0187638159623 0.0893948744623 0.177405445726 0.442795422369
241 1928 0.0951440882142 0.441546235853 0.0118085634164 0.0118085634164 0.0181403541479 0.0867910853823 0.187089705838 0.441546235853
242 1936 0.0932442590298 0.458677726367 0.0114415325232 0.0114415325232 0.0185919897075 0.0881991558631 0.193704355008 0.458677726367
243 1944 0.0965769651726 0.451646929694 0.0115449523144 0.0115449523144 0.0175062953269 0.0860925612695 0.202851668382 0.451646929694
244 1952 0.105315868433 0.439237715971 0.0113358669236 0.0113358669236 0.0172480977644 0.0984459767092 0.201914418741 0.439237715971
245 1960 0.111088728213 0.450185056539 0.0109431552998 0.0109431552998 0.0184233298743 0.102392756913 0.198657015087 0.450185056539
246 1968 0.127625330658 0.432905231851 0.0102339947552 0.0102339947552 0.0194259158524 0.106838038315 0.202669130966 0.432905231851
247 1976 0.124692181447 0.443756708796 0.0100619864223 0.0100619864223 0.020038907115 0.103555021575 0.202763319578 0.443756708796
248 1984 0.144804988907 0.444217739063 0.00978547586002 0.00978547586002 0.0190053133344 0.10265578515 0.210784763381 0.444217739063
249 1992 0.134490995403 0.437560283304 0.0115594408357 0.0115594408357 0.0186305557346 0.0999947004978 0.203584866762 0.437560283304
250 2000 0.136265154605 0.423841987693 0.0113203242386 0.0113203242386 0.018610771458 0.0936706476864 0.201538597198 0.423841987693
251 2008 0.150166346297 0.396481795718 0.0117049567841 0.0117049567841 0.0189185648944 0.0960040395581 0.203982734166 0.396481795718
252 2016 0.146296469639 0.388838718734 0.0112612948821 0.0112612948821 0.0205796191962 0.0980720309776 0.19382435448 0.388838718734
253 2024 0.152130311026 0.413007457834 0.0108563002029 0.0108563002029 0.0203546259987 0.095854772126 0.186066124339 0.413007457834
254 2032 0.168939955888 0.425779791562 0.0107286688829 0.0107286688829 0.019789030921 0.0981821620141 0.180065816899 0.425779791562
255 2040 0.171137921596 0.413955062015 0.0102780875435 0.0102780875435 0.0195054737945 0.111630072514 0.178404741527 0.413955062015
256 2048 0.138910518313 0.411717589894 0.01017556617 0.01017556617 0.0186493131343 0.111200014558 0.185679311668 0.411717589894
257 2056 0.135864544319 0.401396181967 0.00973304328804 0.00973304328804 0.0182672154404 0.109297617694 0.174829843097 0.401396181967
258 2064 0.13138217426 0.403794457328 0.00962547778429 0.00962547778429 0.0181384420189 0.113622845905 0.169404660535 0.403794457328
259 2072 0.121623957105 0.394394129871 0.0102920275501 0.0102920275501 0.017514239338 0.108058319792 0.162720913028 0.394394129871
260 2080 0.117922093237 0.394349848132 0.0103801690904 0.0103801690904 0.0173265954019 0.104965887405 0.157962703572 0.394349848132
261 2088 0.100355230572 0.391223881298 0.00992335166823 0.00992335166823 0.0167567245949 0.109927862161 0.152620082031 0.391223881298
262 2096 0.0893622985934 0.367048950709 0.00971284155823 0.00971284155823 0.015735862404 0.109693289772 0.151566868933 0.367048950709
263 2104 0.0854305979165 0.349940285758 0.00935084121166 0.00935084121166 0.0161887546577 0.108440516845 0.144053061203 0.349940285758
264 2112 0.0835830565441 0.343237790638 0.00899823318456 0.00899823318456 0.0159456388839 0.108790822599 0.141937740002 0.343237790638
265 2120 0.0981414109177 0.329462394368 0.00874889024334 0.00874889024334 0.0154764869422 0.11462039705 0.142224420364 0.329462394368
266 2128 0.103650753988 0.311995818643 0.00845728110714 0.00845728110714 0.0155172942661 0.134786166757 0.145805017183 0.311995818643
267 2136 0.120265010781 0.330547970045 0.0082858724924 0.0082858724924 0.0145255087384 0.131142984718 0.160220949548 0.330547970045
268 2144 0.131800463924 0.401465478965 0.00799164784171 0.00799164784171 0.014110943428 0.125302826307 0.155332717261 0.401465478965
269 2152 0.15911022778 0.435620567155 0.00767096884337 0.00767096884337 0.0148670443559 0.120460141173 0.149204773261 0.435620567155
270 2160 0.164352505505 0.458597916649 0.00721443537161 0.00721443537161 0.0147982555719 0.136597911466 0.145278161227 0.458597916649
271 2168 0.192869540949 0.478843196288 0.00679038256741 0.00679038256741 0.0143345205075 0.133237876765 0.138321431988 0.478843196288
272 2176 0.207340278309 0.49577886227 0.00671406898738 0.00671406898738 0.0151955545376 0.131639851129 0.136550927385 0.49577886227
273 2184 0.200360811509 0.4878549002 0.0069767502244 0.0069767502244 0.0147472060703 0.128662295645 0.14590212841 0.4878549002
274 2192 0.216110400628 0.501894022406 0.00697623311482 0.00697623311482 0.0143318914512 0.124718925878 0.143269166898 0.501894022406
275 2200 0.219490035359 0.527546517811 0.00688009219158 0.00688009219158 0.0138630681743 0.123845507042 0.141864344252 0.527546517811
276 2208 0.223364734344 0.532919403196 0.00643295329899 0.00643295329899 0.0142682609949 0.119442451583 0.140677161119 0.532919403196
277 2216 0.185346572856 0.54059001151 0.00626460444197 0.00626460444197 0.0139059592487 0.117439878036 0.14252130512 0.54059001151
278 2224 0.20329674942 0.531074457372 0.00624627246175 0.00624627246175 0.0132648621282 0.118724118138 0.138461389382 0.531074457372
279 2232 0.208132688783 0.538989179678 0.00623891144944 0.00623891144944 0.0128223554699 0.1195838328 0.147154955111 0.538989179678
280 2240 0.220640403948 0.534086711004 0.00626334464214 0.00626334464214 0.0125140374408 0.118005142907 0.143222485 0.534086711004
281 2248 0.233447932963 0.517119649512 0.00612864534418 0.00612864534418 0.0126306635059 0.114192213931 0.156671275899 0.517119649512
282 2256 0.211234205608 0.503335789432 0.00665086596336 0.00665086596336 0.0122921191954 0.110951928133 0.156341477297 0.503335789432
283 2264 0.177054300702 0.481275181096 0.00649351333445 0.00649351333445 0.0114903606065 0.107923659101 0.157684033422 0.481275181096
284 2272 0.179099771248 0.453604570266 0.00636003826174 0.00636003826174 0.0113096200383 0.103651559645 0.155337810925 0.453604570266
285 2280 0.23445085768 0.460823166587 0.00617008740155 0.00617008740155 0.0111273051913 0.0993915960143 0.159838945527 0.460823166587
286 2288 0.215851197554 0.45399593931 0.00625399492621 0.00625399492621 0.011122298323 0.0986494010208 0.162994566824 0.45399593931
287 2296 0.199778404914 0.453040216589 0.00597643625843 0.00597643625843 0.010848174812 0.0961455446304 0.163074429994 0.453040216589
288 2304 0.213550930949 0.439861604156 0.00567736682978 0.00567736682978 0.010720657793 0.0976348998045 0.160376004539 0.439861604156
289 2312 0.192597291322 0.457839779426 0.00565157741792 0.00565157741792 0.0111901378019 0.0981247106741 0.156037437212 0.457839779426
290 2320 0.194923046142 0.447960787892 0.0058308707295 0.0058308707295 0.0105258324489 0.0940779834185 0.154592279821 0.447960787892
291 2328 0.175274401406 0.469987832048 0.00575273837097 0.00575273837097 0.0109294270089 0.0955057513703 0.148879538497 0.469987832048
292 2336 0.177881853154 0.458364346202 0.005776066353 0.005776066353 0.0107363975677 0.0952423297812 0.145156986966 0.458364346202
293 2344 0.186789087859 0.436831649701 0.00600894847829 0.00600894847829 0.0106832532165 0.0908621450084 0.146875999047 0.436831649701
294 2352 0.204363366448 0.424306038029 0.00603514054863 0.00603514054863 0.0100699615694 0.0942075738267 0.146871380222 0.424306038029
295 2360 0.236271265216 0.415935386018 0.00631676763222 0.00631676763222 0.0103270637865 0.0942620214791 0.141901340171 0.415935386018
296 2368 0.221745737035 0.392199178167 0.00634819055511 0.00634819055511 0.011743317365 0.0922895321462 0.138668612514 0.392199178167
297 2376 0.207558610564 0.385740826531 0.00626039095936 0.00626039095936 0.0117529719902 0.0882771282285 0.142108263424 0.385740826531
298 2384 0.221990245822 0.373209806214 0.00602983221967 0.00602983221967 0.0117949987113 0.0895100661591 0.136784002278 0.373209806214
299 2392 0.219365643924 0.367970892739 0.00667359986645 0.00667359986645 0.0116346677571 0.0878642557138 0.136931181664 0.367970892739
300 2400 0.211491227354 0.368420355317 0.00684719274557 0.00684719274557 0.0111564297055 0.0848720236235 0.134921496945 0.368420355317
301 2408 0.22744913377 0.360754547358 0.00701956271108 0.00701956271108 0.0109888444609 0.0816135079494 0.127863143244 0.360754547358
302 2416 0.221144210673 0.403618116668 0.00669124451431 0.00669124451431 0.0109324692303 0.0839047389238 0.126184851835 0.403618116668
303 2424 0.242563972851 0.404540049994 0.00631222958104 0.00631222958104 0.0111417952446 0.0818454381142 0.126347962755 0.404540049994
304 2432 0.239122627601 0.404988539452 0.00606799859472 0.00606799859472 0.0108699816281 0.0787225688887 0.141360749729 0.404988539452
305 2440 0.232457624503 0.407407192926 0.00600592562722 0.00600592562722 0.011489081301 0.076141416083 0.137065072904 0.407407192926
306 2448 0.311081609752 0.383189538221 0.00607728461981 0.00607728461981 0.0110710132596 0.0740439152481 0.140489705275 0.383189538221
307 2456 0.300824636789 0.385205364755 0.00635341094708 0.00635341094708 0.0110351079516 0.0841480151191 0.136004421005 0.385205364755
308 2464 0.288529677054 0.380261406946 0.00612291678007 0.00612291678007 0.0106437095158 0.0926510152076 0.132431810999 0.380261406946
309 2472 0.264229241245 0.367564826193 0.00589461056607 0.00589461056607 0.0107914278492 0.0902793665317 0.133076925544 0.367564826193
310 2480 0.262545264493 0.369571413544 0.00560659025846 0.00560659025846 0.0102292034739 0.0867822501216 0.129646708122 0.369571413544
311 2488 0.267153772631 0.372421990775 0.00545917195335 0.00545917195335 0.00994547506534 0.0847317906039 0.12683270281 0.372421990775
312 2496 0.323697112119 0.362903750628 0.00519226831137 0.00519226831137 0.00948099531502 0.0853770921368 0.132961301085 0.362903750628
313 2504 0.390888416337 0.344207454447 0.00507934007482 0.00507934007482 0.01214032008 0.0834081461155 0.126588099854 0.344207454447
314 2512 0.405494481334 0.33250260297 0.00491838474363 0.00491838474363 0.0135492057559 0.0816573173334 0.123252304758 0.33250260297
315 2520 0.390160012432 0.330726320937 0.00487422938783 0.00487422938783 0.0130153101383 0.0855750690685 0.119029405034 0.330726320937
316 2528 0.378033082446 0.3422568808 0.00472161884937 0.00472161884937 0.0119847675356 0.0857043681937 0.115998612254 0.3422568808
317 2536 0.363329371096 0.327589039811 0.00486095651384 0.00486095651384 0.0123934543621 0.0822993544966 0.11079169149 0.327589039811
318 2544 0.387766430706 0.319423768924 0.00461512252307 0.00461512252307 0.0118568159711 0.0808913629333 0.117158578659 0.319423768924
319 2552 0.396537535254 0.315318091055 0.00473985624697 0.00473985624697 0.0122372891476 0.0783241608141 0.116328185556 0.315318091055
320 2560 0.380421617877 0.30276482232 0.00477207587369 0.00477207587369 0.0123196350445 0.0775871895138 0.110000260286 0.30276482232
321 2568 0.326405011239 0.310934706025 0.00492426970003 0.00492426970003 0.0116902443595 0.0757172035616 0.106077391943 0.310934706025
322 2576 0.324509516068 0.301023328404 0.00483975119754 0.00483975119754 0.0116601921868 0.0768400466664 0.102214419979 0.301023328404
323 2584 0.381838192935 0.299182331195 0.0045194604799 0.0045194604799 0.0120597672058 0.078533142335 0.100690198232 0.299182331195
324 2592 0.422576644419 0.292014765014 0.00454954732923 0.00454954732923 0.0123755817549 0.0754740942529 0.114405843564 0.292014765014
325 2600 0.412527506691 0.282753031426 0.00441745206131 0.00441745206131 0.0118466672336 0.0804168319804 0.11877558216 0.282753031426
326 2608 0.425581021469 0.272148786773 0.00430753928874 0.00430753928874 0.0115771998029 0.075845789737 0.123921747135 0.272148786773
327 2616 0.481810073793 0.26616968729 0.00456271908238 0.00456271908238 0.0121440260376 0.0754458255518 0.118899159147 0.26616968729
328 2624 0.54329475973 0.260759495079 0.0045953801545 0.0045953801545 0.0123436689692 0.0742137240443 0.120026415116 0.260759495079
329 2632 0.604895666802 0.287376926452 0.00461244180034 0.00461244180034 0.0126338942901 0.0696114671923 0.115539081156 0.287376926452
330 2640 0.616721757496 0.322732700471 0.00443680340291 0.00443680340291 0.0123963270154 0.065935639321 0.112551425568 0.322732700471
331 2648 0.713727116002 0.321324268189 0.00460797147473 0.00460797147473 0.0121306413659 0.0658051639893 0.108169013407 0.321324268189
332 2656 0.745052471869 0.303683685867 0.00556184373885 0.00556184373885 0.0115158612674 0.0639360111481 0.107167255882 0.303683685867
333 2664 0.854663440301 0.285803023687 0.00566334556825 0.00566334556825 0.0111835494543 0.0647220048978 0.105022636091 0.285803023687
334 2672 0.980328614397 0.279866889846 0.00564636074334 0.00564636074334 0.0110224307845 0.0725370370275 0.105165257518 0.279866889846
335 2680 1.17632535998 0.27010751829 0.00549670548066 0.00549670548066 0.0115712270978 0.0749958540699 0.104206838062 0.27010751829
336 2688 1.29859935052 0.266313452858 0.00549827142613 0.00549827142613 0.0131647911983 0.0720043707245 0.102854533109 0.266313452858
337 2696 1.35678159474 0.259943334356 0.00617189896827 0.00617189896827 0.013113484156 0.0698562435283 0.0975365248868 0.259943334356
338 2704 1.46608398386 0.243127546324 0.0060596075669 0.0060596075669 0.0126440719732 0.0678517461879 0.106345761268 0.243127546324
339 2712 1.58353428903 0.238930111079 0.00644566893546 0.00644566893546 0.0120498057687 0.0660571621197 0.106800089067 0.238930111079
340 2720 1.46586684901 0.224334328118 0.00628731411168 0.00628731411168 0.0135041966484 0.0651573880891 0.105198146934 0.224334328118
341 2728 1.54173379942 0.217219923614 0.00612736974881 0.00612736974881 0.013379212577 0.0636532242069 0.0998332705831 0.217219923614
342 2736 1.33852915476 0.21233692387 0.00574262684298 0.00574262684298 0.0133847366781 0.064161592895 0.105869588737 0.21233692387
343 2744 1.04973197397 0.198738778136 0.00572884424465 0.00572884424465 0.0128756590393 0.0647901831958 0.103397032886 0.198738778136
344 2752 1.03409106139 0.196315833756 0.00543845814091 0.00543845814091 0.0124204117588 0.0635635004681 0.0975958412176 0.196315833756
345 2760 1.12540121838 0.19289771175 0.00542538913685 0.00542538913685 0.01246386972 0.0611335830053 0.0968605648373 0.19289771175
346 2768 1.17592476099 0.185116329412 0.0055431982599 0.0055431982599 0.0120251757412 0.0599395232321 0.105310172775 0.185116329412
347 2776 0.9962832266 0.173114730876 0.00547524440944 0.00547524440944 0.0117285501124 0.0574571678006 0.112185815974 0.173114730876
348 2784 0.966660464546 0.174636250354 0.00531890129686 0.00531890129686 0.0118117484774 0.0551288832738 0.109977731016 0.174636250354
349 2792 0.915598418227 0.171510347895 0.00515010239637 0.00515010239637 0.0113579271941 0.0595939113391 0.110303388954 0.171510347895
350 2800 0.99639316059 0.162837702416 0.00502404752969 0.00502404752969 0.0109004309204 0.0619534027696 0.106512228426 0.162837702416
351 2808 0.949089390082 0.162126473178 0.00490418043091 0.00490418043091 0.0115591285038 0.0654982651046 0.104241288718 0.162126473178
352 2816 0.840989703245 0.160211251068 0.00476767077526 0.00476767077526 0.0113373289522 0.0632830646879 0.102205739846 0.160211251068
353 2824 0.936036443072 0.152618958822 0.00451986496586 0.00451986496586 0.0110067673285 0.0618291530648 0.103007400218 0.152618958822
354 2832 0.882807018469 0.153760325758 0.00462246818241 0.00462246818241 0.0111446566427 0.0593054561623 0.10907798765 0.153760325758
355 2840 0.883543230704 0.152183288672 0.00492380965746 0.00492380965746 0.0113809519589 0.0589357837848 0.10298993948 0.152183288672
356 2848 0.846563881544 0.142363807937 0.00485139941912 0.00485139941912 0.0112535665897 0.0577165686673 0.104034643965 0.142363807937
357 2856 0.842138548373 0.138623409199 0.00499018999865 0.00499018999865 0.0113620870781 0.0565416570069 0.101366888002 0.138623409199
358 2864 0.946979566014 0.147139459097 0.00476117810096 0.00476117810096 0.0111787905511 0.0540959360455 0.0955360413913 0.147139459097
359 2872 0.933892604569 0.164794442897 0.00473013561206 0.00473013561206 0.0110646630142 0.0534066498667 0.095994004077 0.164794442897
360 2880 1.03400987851 0.173829267886 0.00452092858227 0.00452092858227 0.0111605783785 0.049737640447 0.0928610876906 0.173829267886
361 2888 1.08253772467 0.192496423349 0.00451731143874 0.00451731143874 0.0110116605385 0.04793127108 0.0907941963861 0.192496423349
362 2896 1.00194341073 0.185876451174 0.00447265432461 0.00447265432461 0.0104798875539 0.0473975189527 0.093963798649 0.185876451174
363 2904 1.01368988148 0.18074072313 0.00434618335388 0.00434618335388 0.0101415832262 0.0472649638041 0.0920881648115 0.18074072313
364 2912 0.978880918419 0.166957317945 0.00436570939918 0.00436570939918 0.0101093404832 0.0495633191167 0.0905533156113 0.166957317945
365 2920 0.898272170396 0.157473459354 0.00430762084146 0.00430762084146 0.00972152688127 0.0477104971921 0.0943227052481 0.157473459354
366 2928 0.762903789643 0.154507464625 0.00430248263133 0.00430248263133 0.00981686294671 0.0462766122571 0.0886383288591 0.154507464625
367 2936 0.688675442219 0.146427292993 0.00435916875316 0.00435916875316 0.0101244410927 0.0441005915896 0.087226802463 0.146427292993
368 2944 0.622519744278 0.151100352403 0.00406711564562 0.00406711564562 0.00992820896008 0.0431209211781 0.0854711001325 0.151100352403
369 2952 0.677871510172 0.141786421567 0.0039754876296 0.0039754876296 0.00987262392467 0.0418931673007 0.0843024850348 0.141786421567
370 2960 0.614896772361 0.146982632679 0.00422720056351 0.00422720056351 0.00971885148732 0.0402861192058 0.0795228981232 0.146982632679
371 2968 0.54274420311 0.147515530703 0.00435180508448 0.00435180508448 0.00910908761922 0.0388919192733 0.0757811356933 0.147515530703
372 2976 0.527890630014 0.142843898734 0.00408829953202 0.00408829953202 0.00878908319435 0.0379094521498 0.0757554625981 0.142843898734
373 2984 0.550535533895 0.1436823729 0.0039904788611 0.0039904788611 0.00850142439056 0.0379419587116 0.0743116506365 0.1436823729
374 2992 0.560065538622 0.14052153835 0.0037630126247 0.0037630126247 0.00825305103387 0.037020141504 0.0821773114491 0.14052153835
375 3000 0.492150970738 0.140273854351 0.00367644835919 0.00367644835919 0.00842920192945 0.0374649484017 0.0798563575182 0.140273854351
376 3008 0.442906275036 0.131994880812 0.00379776545564 0.00379776545564 0.0080998360563 0.0367867016457 0.0768941905759 0.131994880812
377 3016 0.426766825319 0.12921127096 0.00367843203873 0.00367843203873 0.00829295971453 0.0354411428839 0.075470584739 0.12921127096
378 3024 0.401265554147 0.138066316231 0.00359148206821 0.00359148206821 0.00802932276067 0.0344156102044 0.0723367723515 0.138066316231
379 3032 0.418609416598 0.135353403795 0.00354349924312 0.00354349924312 0.0079665590217 0.0327610723768 0.070916750981 0.135353403795
380 3040 0.408343433354 0.132631784684 0.00337226873601 0.00337226873601 0.00874189093488 0.0325256718586 0.069533195437 0.132631784684
381 3048 0.381393860946 0.132231437855 0.00341150953731 0.00341150953731 0.00861848341632 0.0312740688142 0.0667325286292 0.132231437855
382 3056 0.356160683682 0.131942779644 0.00331928773691 0.00331928773691 0.00859436895856 0.0298496808774 0.0648521745023 0.131942779644
383 3064 0.347322342676 0.12959355076 0.00332627309172 0.00332627309172 0.00822754379423 0.0286616763241 0.0657170636751 0.12959355076
384 3072 0.381931948438 0.135961917358 0.00320057689709 0.00320057689709 0.00789097284866 0.0274108888366 0.0694569485562 0.135961917358
385 3080 0.411321275891 0.135789500869 0.0032146837928 0.0032146837928 0.0090554322803 0.025443149628 0.0673197739326 0.135789500869
386 3088 0.347945069083 0.144503013376 0.00330864985833 0.00330864985833 0.00906732863554 0.024017880636 0.0650463700459 0.144503013376
387 3096 0.365678149919 0.140587907371 0.00317914644729 0.00317914644729 0.00889061043239 0.0245423190654 0.0617889249202 0.140587907371
388 3104 0.380459801558 0.147738710903 0.00302504439235 0.00302504439235 0.00887666747084 0.0261233354192 0.0601380968055 0.147738710903
389 3112 0.390873613147 0.146049347633 0.00287239599242 0.00287239599242 0.00907881673206 0.0251807203534 0.0643397131024 0.146049347633
390 3120 0.429251096308 0.14139932256 0.00274305459195 0.00274305459195 0.00864356394859 0.0240882215125 0.0708147345526 0.14139932256
391 3128 0.404700467286 0.138860399206 0.00277915386054 0.00277915386054 0.00864920967025 0.0261485142206 0.0685729668036 0.138860399206
392 3136 0.362082368901 0.136462563158 0.00267380402736 0.00267380402736 0.00848977062874 0.0262727961343 0.0682906316333 0.136462563158
393 3144 0.354645967618 0.132185593124 0.00252893333155 0.00252893333155 0.00819999534957 0.0256930600796 0.0686087613513 0.132185593124
394 3152 0.362859567951 0.130241402415 0.00246129656494 0.00246129656494 0.00797874205032 0.0265951095321 0.0661611044228 0.130241402415
395 3160 0.313364651745 0.12940153782 0.00240524709247 0.00240524709247 0.00767349932363 0.0278804425482 0.0645172775428 0.12940153782
396 3168 0.284537620681 0.125639894763 0.00246463370374 0.00246463370374 0.00733883730298 0.0258574061664 0.0649013655231 0.125639894763
397 3176 0.264533064176 0.128085726067 0.00238085196767 0.00238085196767 0.00733150537287 0.0255328842355 0.0611126639654 0.128085726067
398 3184 0.225747618393 0.127243528164 0.00228749009505 0.00228749009505 0.00716122848851 0.0257752322803 0.0588035759806 0.127243528164
399 3192 0.231603219448 0.122792532272 0.0021814970714 0.0021814970714 0.00703176080811 0.0265356223901 0.0560731328786 0.122792532272
400 3200 0.233563370586 0.123083483415 0.0021395271039 0.0021395271039 0.00668492291637 0.0265641457119 0.0592698597971 0.123083483415
401 3208 0.264863610762 0.132057100001 0.00210522464749 0.00210522464749 0.00653391504241 0.0252769006904 0.0600648900072 0.132057100001
402 3216 0.281537207329 0.135094524583 0.00207743266035 0.00207743266035 0.00679300033141 0.0252892471178 0.0635723657462 0.135094524583
403 3224 0.289273235361 0.131462117966 0.00209702736516 0.00209702736516 0.00654864391588 0.0251942282829 0.0653764189114 0.131462117966
404 3232 0.275743164019 0.139743314515 0.0019835854382 0.0019835854382 0.00657478406874 0.0249310374792 0.0679790728401 0.139743314515
405 3240 0.289596130053 0.135590882834 0.0019208078793 0.0019208078793 0.00675196821754 0.0246605752896 0.0653064499177 0.135590882834
406 3248 0.28865650776 0.136180354161 0.00186514772128 0.00186514772128 0.00644452146409 0.0238526412757 0.0692052935226 0.136180354161
407 3256 0.273085077 0.13346243909 0.0018109680718 0.0018109680718 0.00634875635093 0.0229415817804 0.0700001541135 0.13346243909
408 3264 0.262236462919 0.127526061562 0.00179293470801 0.00179293470801 0.00615695873955 0.0213824009651 0.0697883827574 0.127526061562
409 3272 0.240733304345 0.125325214369 0.00176276438638 0.00176276438638 0.00604396980793 0.0208288520739 0.0696026966955 0.125325214369
410 3280 0.219358437799 0.126411545054 0.00171969131876 0.00171969131876 0.00582055438933 0.0204368378393 0.0696313989191 0.126411545054
411 3288 0.220897934126 0.127984930361 0.00178045495612 0.00178045495612 0.00568310272005 0.0200726821425 0.068667221468 0.127984930361
412 3296 0.199195815648 0.125863135839 0.00181153501234 0.00181153501234 0.00550868444501 0.0202592376509 0.0656491153128 0.125863135839
413 3304 0.228991643395 0.124277532427 0.00176177312631 0.00176177312631 0.00548113022944 0.0203199027062 0.0610058642811 0.124277532427
414 3312 0.260435790176 0.120675863301 0.00207502278134 0.00207502278134 0.00556215363102 0.019379795529 0.0598564917453 0.120675863301
415 3320 0.318318710788 0.118447695375 0.00204782236284 0.00204782236284 0.0057445090937 0.0191365934328 0.0618453165724 0.118447695375
416 3328 0.303348178573 0.122159780665 0.00233982212694 0.00233982212694 0.00557708416654 0.0195391222549 0.0614600185873 0.122159780665
417 3336 0.320777680741 0.119339816544 0.00221503021169 0.00221503021169 0.005294994558 0.0197978616597 0.0606825193162 0.119339816544
418 3344 0.346909729141 0.125719304987 0.00219032789454 0.00219032789454 0.00513004674497 0.0195426040968 0.0593692893169 0.125719304987
419 3352 0.407890090607 0.130837229543 0.00245291668707 0.00245291668707 0.00488205595895 0.0189922808044 0.0574455910307 0.130837229543
420 3360 0.427162275971 0.148087523087 0.00244424754596 0.00244424754596 0.00476004807795 0.0182118683172 0.0597530545942 0.148087523087
421 3368 0.482719317873 0.145246886345 0.00247951144711 0.00247951144711 0.0046227457445 0.0192141428672 0.0600164762068 0.145246886345
422 3376 0.504854624374 0.145756172075 0.00243125878044 0.00243125878044 0.00444244079078 0.0186228436504 0.0684563339146 0.145756172075
423 3384 0.533211542177 0.141317834274 0.00230903849312 0.00230903849312 0.00477881226236 0.0182753424691 0.0690100218063 0.141317834274
424 3392 0.632979717244 0.139773524706 0.00238612260346 0.00238612260346 0.00492816407571 0.0178373653326 0.0657918169574 0.139773524706
425 3400 0.538732443406 0.135479730622 0.00238259272816 0.00238259272816 0.00527447705765 0.0170506468419 0.0710574328681 0.135479730622
426 3408 0.489240205199 0.13086768934 0.00232722248339 0.00232722248339 0.00522013655626 0.0167632435718 0.0683641916106 0.13086768934
427 3416 0.467633602707 0.1214168976 0.0022705737634 0.0022705737634 0.00538256534419 0.0168560146288 0.0655197883213 0.1214168976
428 3424 0.449850831973 0.123426750644 0.0021335771193 0.0021335771193 0.00509927179262 0.0174008448251 0.0648453323334 0.123426750644
429 3432 0.44530176434 0.119439330591 0.00214163708526 0.00214163708526 0.00508276023292 0.0170922661699 0.0632461399207 0.119439330591
430 3440 0.454920685187 0.117236138586 0.00218544007453 0.00218544007453 0.00493326496798 0.0162628036348 0.0643436702973 0.117236138586
431 3448 0.528680780196 0.117824722945 0.00207118996151 0.00207118996151 0.00474851248672 0.0157458824807 0.0695639201657 0.117824722945
432 3456 0.591108765948 0.134398104806 0.00209250122002 0.00209250122002 0.00483189763587 0.0156014737836 0.06805941236 0.134398104806
433 3464 0.602984185211 0.138964575551 0.00209040905062 0.00209040905062 0.00477960319561 0.0146094838608 0.0722546922003 0.138964575551
434 3472 0.532616872764 0.136225680791 0.00210438671603 0.00210438671603 0.00488640421141 0.0141431717805 0.0707249022157 0.136225680791
435 3480 0.548834491271 0.130754253015 0.00205228293032 0.00205228293032 0.00466976213178 0.0140501456726 0.06889737332 0.130754253015
436 3488 0.51240257357 0.127956145765 0.00199925864757 0.00199925864757 0.0045235544055 0.0155475321485 0.0662957208176 0.127956145765
437 3496 0.512770843135 0.129152664717 0.00195475519852 0.00195475519852 0.00444711118433 0.0154920881732 0.0677593453976 0.129152664717
438 3504 0.488811053042 0.126887265911 0.00185314558269 0.00185314558269 0.0045402222126 0.0148087104571 0.0705405880232 0.126887265911
439 3512 0.520720732644 0.124113323943 0.00176287238842 0.00176287238842 0.00443333839393 0.0152582977792 0.0677534263361 0.124113323943
440 3520 0.590831593689 0.118759859706 0.00175030939422 0.00175030939422 0.00458708663868 0.015530737239 0.0679318728833 0.118759859706
441 3528 0.64039640816 0.1178441758 0.00186880579545 0.00186880579545 0.0044556608124 0.015630054047 0.0662596901288 0.1178441758
442 3536 0.755723121629 0.118309297697 0.00180228372359 0.00180228372359 0.00467747977898 0.0165574388308 0.0665596771465 0.118309297697
443 3544 0.786486543399 0.108533690401 0.00210381171539 0.00210381171539 0.00454816313348 0.0168470043505 0.0651894367517 0.108533690401
444 3552 0.927242132971 0.104570136715 0.00206429299492 0.00206429299492 0.00471044883954 0.0167752625721 0.0655925204244 0.104570136715
445 3560 0.913443812596 0.108094976792 0.00201584708919 0.00201584708919 0.00443799335899 0.0162098565724 0.0812317850544 0.108094976792
446 3568 1.00461665826 0.104458367163 0.0019584451052 0.0019584451052 0.00414712353697 0.017058295865 0.0793281576271 0.104458367163
447 3576 1.12179018184 0.109030568481 0.00186425806873 0.00186425806873 0.00433643920939 0.0185155740383 0.0778283166554 0.109030568481
448 3584 1.0129414823 0.112967976119 0.00182277116494 0.00182277116494 0.00460456377098 0.0183357795281 0.0748903771428 0.112967976119
449 3592 0.845274518784 0.114042813642 0.00180382427057 0.00180382427057 0.00485081147201 0.0173137287035 0.0725730977121 0.114042813642
450 3600 0.784959719346 0.107587193655 0.00174943153518 0.00174943153518 0.00480401427681 0.0165807320047 0.0702532758549 0.107587193655
451 3608 0.756473434131 0.104093535354 0.00179351578935 0.00179351578935 0.00467927431189 0.016657674091 0.0675381884662 0.104093535354
452 3616 0.697703040966 0.105489215575 0.00176730569828 0.00176730569828 0.00466062368762 0.0156398225765 0.0676489311424 0.105489215575
453 3624 0.790530756601 0.103623832217 0.00173689786729 0.00173689786729 0.00451828610723 0.0152719828703 0.0666480892081 0.103623832217
454 3632 0.760851067224 0.110945796931 0.00178811243523 0.00178811243523 0.00424110625042 0.0150923470146 0.0692343185381 0.110945796931
455 3640 0.789582781496 0.108820325898 0.00177209029661 0.00177209029661 0.00436849671055 0.0156675979496 0.0670639500243 0.108820325898
456 3648 0.830281195107 0.113037735875 0.00171251130174 0.00171251130174 0.00421859121378 0.0158207470043 0.0647247771339 0.113037735875
457 3656 0.84415777497 0.112268204046 0.00168468702562 0.00168468702562 0.00455269605759 0.0158507194908 0.0609966158026 0.112268204046
458 3664 0.872641317852 0.107852238708 0.00161839219802 0.00161839219802 0.00459279576825 0.0157035102541 0.0611523597118 0.107852238708
459 3672 0.94790701537 0.113381685631 0.00159323025333 0.00159323025333 0.00448483427454 0.0159099006546 0.0576200619777 0.113381685631
460 3680 0.922263022557 0.11123401402 0.00152773558456 0.00152773558456 0.00451786796049 0.0162937540754 0.0555007200774 0.11123401402
461 3688 0.815852874379 0.103730049408 0.00152609961458 0.00152609961458 0.00435237839223 0.016969164907 0.0599648870128 0.103730049408
462 3696 0.838283384497 0.101164372363 0.00150394322376 0.00150394322376 0.00432250354803 0.0167981910898 0.0574511772808 0.101164372363
463 3704 0.737756501932 0.108934745418 0.001566885571 0.001566885571 0.00432528360916 0.0162315488468 0.0545014373328 0.108934745418
464 3712 0.765534107302 0.105608669252 0.00153620150177 0.00153620150177 0.00419983194095 0.0152935980311 0.0532803053128 0.105608669252
465 3720 0.854515149727 0.104847029414 0.00144627417281 0.00144627417281 0.00420024611073 0.0161501549644 0.0535117158048 0.104847029414
466 3728 0.785960462124 0.101173576244 0.0014005424436 0.0014005424436 0.00428469806707 0.0158189620296 0.0588209773146 0.101173576244
467 3736 0.671349806078 0.0973984551717 0.00135987614106 0.00135987614106 0.00425614120666 0.0153006893952 0.0554972129582 0.0973984551717
468 3744 0.561688171024 0.0944748617067 0.00132049893527 0.00132049893527 0.00414510737251 0.014653072052 0.0539155800704 0.0944748617067
469 3752 0.58973350017 0.0897274168375 0.00128907547454 0.00128907547454 0.00399852224635 0.0141075366186 0.0534069155968 0.0897274168375
470 3760 0.668103198503 0.0949323625636 0.00141035388062 0.00141035388062 0.00384056671062 0.0139645994382 0.0503321847624 0.0949323625636
471 3768 0.734683733238 0.0933881587625 0.00136915201591 0.00136915201591 0.00458585254597 0.0131979097882 0.04847360341 0.0933881587625
472 3776 0.843374160896 0.0921394169226 0.00130083048365 0.00130083048365 0.0050385379911 0.0131521969558 0.0496356628623 0.0921394169226
473 3784 0.790643102726 0.0983661105247 0.00126235903068 0.00126235903068 0.00527458385004 0.0125258363201 0.0491025976227 0.0983661105247
474 3792 0.839899911009 0.103791622822 0.00117129710567 0.00117129710567 0.00529162675813 0.0125287573812 0.0484114803851 0.103791622822
475 3800 0.807704566409 0.103207714705 0.00136259991225 0.00136259991225 0.00515071151294 0.0122931239837 0.0463221987601 0.103207714705
476 3808 0.801450537058 0.105946928641 0.00137415098224 0.00137415098224 0.00494537694976 0.0123253122166 0.0443936267738 0.105946928641
477 3816 0.763126858767 0.104600932644 0.00137381244864 0.00137381244864 0.004857615231 0.0122993521309 0.0444317217046 0.104600932644
478 3824 0.653276014046 0.102184775862 0.00139678617592 0.00139678617592 0.00475989211629 0.0122949154784 0.0437333670333 0.102184775862
479 3832 0.600392632082 0.0975094970687 0.00134366889083 0.00134366889083 0.00459726802276 0.0122233077528 0.0419560155874 0.0975094970687
480 3840 0.59899110784 0.0982174592953 0.00129468060981 0.00129468060981 0.00457097839176 0.0119073325698 0.0427773602478 0.0982174592953
481 3848 0.573352860425 0.10352173538 0.0012355644981 0.0012355644981 0.00447274475651 0.0116727971373 0.0418145304478 0.10352173538
482 3856 0.57537111516 0.103603405391 0.00126589648784 0.00126589648784 0.00432438269811 0.0113821751276 0.0415253023835 0.103603405391
483 3864 0.540434803554 0.0979401005868 0.00121845864948 0.00121845864948 0.00465128417399 0.0113846747552 0.0398311823625 0.0979401005868
484 3872 0.497465192114 0.0982199876884 0.00118773221388 0.00118773221388 0.0045374978195 0.011066386251 0.0380824915663 0.0982199876884
485 3880 0.530301349738 0.0957542365714 0.00119291229046 0.00119291229046 0.00437488740299 0.0109780760075 0.0360984064258 0.0957542365714
486 3888 0.49748252126 0.0918735166912 0.00123152731074 0.00123152731074 0.00400753181556 0.0108752228611 0.0414153408729 0.0918735166912
487 3896 0.441964912136 0.0889051128125 0.00123147656161 0.00123147656161 0.00385892458465 0.0108645371881 0.0419754383118 0.0889051128125
488 3904 0.410364380308 0.0898812094834 0.00122763663162 0.00122763663162 0.00381624851359 0.0105158308239 0.0401623444632 0.0898812094834
489 3912 0.449391897573 0.0890857837223 0.00118187878227 0.00118187878227 0.00371651547202 0.0103214782412 0.0399923999255 0.0890857837223
490 3920 0.603386739868 0.0832896644079 0.00116385205527 0.00116385205527 0.00358389927303 0.0105358548417 0.0428423600755 0.0832896644079
491 3928 0.755996533703 0.0841480804743 0.00120344293293 0.00120344293293 0.00362097558579 0.01060308308 0.0454286897761 0.0841480804743
492 3936 0.822553905769 0.0826545316679 0.00128706184496 0.00128706184496 0.00361011479962 0.0104102653854 0.0441820095226 0.0826545316679
493 3944 0.862684249827 0.0816494392 0.00124502397195 0.00124502397195 0.00350966964407 0.01063442308 0.0423567222042 0.0816494392
494 3952 0.904436689185 0.0893436652218 0.00127047355844 0.00127047355844 0.00338042071541 0.0101583446668 0.0398162926172 0.0893436652218
495 3960 0.843395577342 0.0869016326734 0.00129380587503 0.00129380587503 0.00344932267293 0.0102045524272 0.0389337919094 0.0869016326734
496 3968 0.899726519777 0.0835231040266 0.00129386788321 0.00129386788321 0.00340490246868 0.00963497000628 0.0392760177042 0.0835231040266
497 3976 1.09181612164 0.0871276485024 0.00130432663009 0.00130432663009 0.00342583107451 0.00925911802948 0.040064338404 0.0871276485024
498 3984 1.27142240469 0.0830198222676 0.00130798278135 0.00130798278135 0.00349555931067 0.0100155045989 0.042309232901 0.0830198222676
499 3992 1.32115798466 0.0856291232484 0.00124115264655 0.00124115264655 0.00341574543388 0.0102352390798 0.0419150765722 0.0856291232484
500 4000 1.42549070595 0.0850529732379 0.00122855523894 0.00122855523894 0.00328677214086 0.0101796157392 0.0411797994443 0.0850529732379
501 4008 1.58477540833 0.092987862226 0.00117360188403 0.00117360188403 0.00342782040653 0.00971927140002 0.0415948754441 0.092987862226
502 4016 1.53710135147 0.106991857854 0.00116929448781 0.00116929448781 0.00329210461796 0.00941505363331 0.040560054497 0.106991857854
503 4024 1.25736527975 0.105356861431 0.00109557989849 0.00109557989849 0.00320683235913 0.00986079970306 0.0389627294139 0.105356861431
504 4032 1.16799480127 0.103028248017 0.00104400369625 0.00104400369625 0.00308184394611 0.00940661075433 0.0373509946529 0.103028248017
505 4040 1.0371791573 0.0991204747876 0.00103686703522 0.00103686703522 0.0030224941968 0.00916101240778 0.0360022624275 0.0991204747876
506 4048 1.06765021189 0.0952497591054 0.00100138769845 0.00100138769845 0.00296742555798 0.00905533418322 0.0366747111955 0.0952497591054
507 4056 1.12547782132 0.0948991397272 0.00105165161973 0.00105165161973 0.002890786173 0.00856012441867 0.0368524756187 0.0948991397272
508 4064 1.48172316081 0.0915572920252 0.00102002903733 0.00102002903733 0.00303408484276 0.00872198490683 0.0368993333736 0.0915572920252
509 4072 1.74827400679 0.0921343988951 0.00101738438169 0.00101738438169 0.00305752001426 0.00863903243639 0.0405476768826 0.0921343988951
510 4080 1.89598315152 0.0887306308288 0.000994491943983 0.000994491943983 0.00295517244597 0.00838128722067 0.0404763483969 0.0887306308288
511 4088 1.9651903538 0.0844206582171 0.000960256702866 0.000960256702866 0.00289978619936 0.00838015385985 0.0416073167056 0.0844206582171
512 4096 2.01996985713 0.0826265299164 0.00092994179722 0.00092994179722 0.00281664806359 0.00878639277978 0.039954675813 0.0826265299164
513 4104 2.16109354351 0.082144608685 0.000909473807847 0.000909473807847 0.0027205760509 0.00888749174226 0.0411481217321 0.082144608685
514 4112 2.57278353949 0.0831509846753 0.000900958619113 0.000900958619113 0.00307500019448 0.00852862342344 0.0399819179741 0.0831509846753
515 4120 2.74879562069 0.0801635698936 0.00091475971686 0.00091475971686 0.00376284061765 0.00829569651629 0.0374741647426 0.0801635698936
516 4128 3.11349049298 0.0766990881824 0.000977762847166 0.000977762847166 0.00367822223029 0.00814720971414 0.03564938079 0.0766990881824
517 4136 2.91677198059 0.0783018565557 0.00105405004047 0.00105405004047 0.00366239427434 0.00797219080265 0.0348514523887 0.0783018565557
518 4144 2.8178440277 0.0742772123177 0.00104161677577 0.00104161677577 0.00357836296698 0.00778095796349 0.0335816814661 0.0742772123177
519 4152 3.01755984127 0.0720886337584 0.00107019629496 0.00107019629496 0.00367192273123 0.00750721884922 0.0323895058478 0.0720886337584
520 4160 2.71052137302 0.0714250722378 0.00115818008693 0.00115818008693 0.0035983202392 0.00761049869826 0.0316732385229 0.0714250722378
521 4168 2.18677428828 0.0709179646995 0.00113803577873 0.00113803577873 0.00353556767107 0.00718472033637 0.0306571389347 0.0709179646995
522 4176 1.95816677413 0.069841457155 0.00114348452044 0.00114348452044 0.00337114940616 0.00693206758269 0.0292847982101 0.069841457155
523 4184 1.68111765075 0.0685603015276 0.00112985201364 0.00112985201364 0.00321813282843 0.00669467371049 0.0289455204851 0.0685603015276
524 4192 1.55676228084 0.0695207853457 0.00107063956482 0.00107063956482 0.00308390568805 0.00639097719564 0.0286800061913 0.0695207853457
525 4200 1.31635720294 0.0682283512778 0.00104716162162 0.00104716162162 0.00310064700106 0.00626347224602 0.027384612056 0.0682283512778
526 4208 1.26184748044 0.0673965464606 0.00101784571877 0.00101784571877 0.00309535486344 0.0060313072227 0.0282451579067 0.0673965464606
527 4216 1.12067203988 0.0666789142838 0.00103007823204 0.00103007823204 0.00293342153356 0.0062228217825 0.0279068343304 0.0666789142838
528 4224 1.15301032191 0.0665921827748 0.000976488233237 0.000976488233237 0.00286907667214 0.0062369869882 0.0270412666131 0.0665921827748
529 4232 1.12247211786 0.069615329997 0.000996858002529 0.000996858002529 0.00272577315425 0.00642407850259 0.0266652019199 0.069615329997
530 4240 1.08690119253 0.0661449675214 0.000969384382591 0.000969384382591 0.00277507455835 0.00621395541117 0.0255359450061 0.0661449675214
531 4248 0.958757133792 0.0681612754349 0.000936235393282 0.000936235393282 0.00266012265618 0.00679383047168 0.0238309876648 0.0681612754349
532 4256 0.735047126558 0.0658234094338 0.000913746215814 0.000913746215814 0.00260102039644 0.00658519051279 0.0230866537447 0.0658234094338
533 4264 0.705902654142 0.0629970608399 0.000878571287539 0.000878571287539 0.00248806425366 0.00648927108531 0.0223641100115 0.0629970608399
534 4272 0.667234446831 0.0604579488745 0.000844206093404 0.000844206093404 0.00241510768451 0.00658501258684 0.0221445883007 0.0604579488745
535 4280 0.648967021855 0.0589441635562 0.000810314026061 0.000810314026061 0.00236453706954 0.0065651920892 0.0216650603158 0.0589441635562
536 4288 0.680339874065 0.0606135461884 0.000797942399778 0.000797942399778 0.00242196438544 0.00647570682255 0.0202545516994 0.0606135461884
537 4296 0.675488143545 0.059490688263 0.000812807069581 0.000812807069581 0.00225500851654 0.00692881926047 0.0197306860265 0.059490688263
538 4304 0.636802974319 0.0615854917646 0.000773976015262 0.000773976015262 0.00222117849564 0.00670534228269 0.0192391747619 0.0615854917646
539 4312 0.622662277541 0.0608269852016 0.000732309465739 0.000732309465739 0.00212161833564 0.00710473438285 0.0193908033187 0.0608269852016
540 4320 0.551402234329 0.0598314250849 0.000717738133253 0.000717738133253 0.00201051632189 0.00690531746992 0.0206643691442 0.0598314250849
541 4328 0.528244871994 0.0586632697177 0.000706133977963 0.000706133977963 0.0019348289683 0.0070039062686 0.0206298937807 0.0586632697177
542 4336 0.506854077967 0.0604059624378 0.0006951332181 0.0006951332181 0.00198850187064 0.00675345117877 0.0199950291201 0.0604059624378
543 4344 0.458846268755 0.0587124661177 0.000695435172998 0.000695435172998 0.00192701457307 0.00657039040305 0.0193487702183 0.0587124661177
544 4352 0.43654320779 0.0569488235349 0.000657901872901 0.000657901872901 0.00188353757693 0.00685383976138 0.0194874813498 0.0569488235349
545 4360 0.404313400124 0.0607261320349 0.000638932149899 0.000638932149899 0.00183375133968 0.00664604506511 0.0189757746064 0.0607261320349
546 4368 0.375545623461 0.0584020866925 0.000663516836963 0.000663516836963 0.00178467028644 0.00660607155661 0.0187545055887 0.0584020866925
547 4376 0.319186827476 0.0562049066213 0.000646898012509 0.000646898012509 0.00172856320763 0.00636855003691 0.0194703902672 0.0562049066213
548 4384 0.293181581814 0.0545961844559 0.00062348034937 0.00062348034937 0.00163831001737 0.00623493874563 0.0184604651328 0.0545961844559
549 4392 0.29309451303 0.0556830093656 0.00060463402493 0.00060463402493 0.00153536637868 0.00660500437863 0.0175760175476 0.0556830093656
550 4400 0.3188358381 0.0551665351248 0.000614039069579 0.000614039069579 0.00154106290725 0.00648888529209 0.0172044482821 0.0551665351248
551 4408 0.304301162656 0.0548619832332 0.000601788728142 0.000601788728142 0.00159699989659 0.00670583800049 0.0167354331523 0.0548619832332
552 4416 0.311236183011 0.0537541415263 0.000583377428194 0.000583377428194 0.00155481255658 0.00675949023015 0.0163205971364 0.0537541415263
553 4424 0.33963548588 0.0526120376883 0.000638820159787 0.000638820159787 0.00154982929407 0.00673018229141 0.0160262946725 0.0526120376883
554 4432 0.295422902054 0.0569138079225 0.00063956841177 0.00063956841177 0.00149477419543 0.00656250692812 0.0162890546846 0.0569138079225
555 4440 0.290333720964 0.054079179654 0.00062225175722 0.00062225175722 0.00144599651244 0.00637789969983 0.0158652988284 0.054079179654
556 4448 0.250293109019 0.0526750920767 0.000609201921846 0.000609201921846 0.00145288338188 0.00674130965912 0.0146018275796 0.0526750920767
557 4456 0.273050409743 0.0518599576177 0.000622126853316 0.000622126853316 0.00139054952273 0.00685100815426 0.0137980579005 0.0518599576177
558 4464 0.30103879867 0.0593876830373 0.000625101941916 0.000625101941916 0.00135669253785 0.00663453225317 0.0136446686236 0.0593876830373
559 4472 0.266404072505 0.0637986634606 0.000620439024906 0.000620439024906 0.00128340598458 0.00646661833597 0.0142591970417 0.0637986634606
560 4480 0.276439868996 0.0635442777938 0.00059774982452 0.00059774982452 0.00122739370492 0.00630816907151 0.0146179011215 0.0635442777938
561 4488 0.294470951614 0.0655149584693 0.000622516480533 0.000622516480533 0.00116195488008 0.00619981011591 0.0142818128734 0.0655149584693
562 4496 0.291734986559 0.066728476935 0.000618026365207 0.000618026365207 0.00110572725844 0.00638643461598 0.0139360065227 0.066728476935
563 4504 0.272051295129 0.0658544905172 0.000589228723564 0.000589228723564 0.00106616003726 0.00714366521848 0.0138021636989 0.0658544905172
564 4512 0.226035376055 0.0626998924014 0.000563868791923 0.000563868791923 0.00103683148005 0.00690633500729 0.0140558808421 0.0626998924014
565 4520 0.217163079818 0.0604599715871 0.000551249376389 0.000551249376389 0.000991241000141 0.00671973006229 0.0140088575862 0.0604599715871
566 4528 0.176351013925 0.0594358436816 0.000535601615706 0.000535601615706 0.00103557805317 0.00690504854582 0.0133623965587 0.0594358436816
567 4536 0.18966364964 0.058671287367 0.000514445540464 0.000514445540464 0.000988397746891 0.00670834524231 0.0129155830393 0.058671287367
568 4544 0.16831136574 0.0645423881292 0.000502198811223 0.000502198811223 0.0010024338027 0.00621511772623 0.0125436378443 0.0645423881292
569 4552 0.203344057024 0.0657473756701 0.000491872362732 0.000491872362732 0.000947593189613 0.00600389984621 0.0122132078359 0.0657473756701
570 4560 0.194775463033 0.0718227209539 0.000500575497924 0.000500575497924 0.000918554067645 0.00579558076247 0.0146285628759 0.0718227209539
571 4568 0.173234375861 0.0690619807536 0.000483552107376 0.000483552107376 0.000923092906716 0.00550785770666 0.0144627421748 0.0690619807536
572 4576 0.171481615953 0.064889452888 0.000477091032697 0.000477091032697 0.00092945696544 0.00532966643031 0.0138645311029 0.064889452888
573 4584 0.172711016931 0.0624576972592 0.000477925616773 0.000477925616773 0.000928868637237 0.00518743256427 0.0137503878087 0.0624576972592
574 4592 0.153668189666 0.060849787546 0.00045318470941 0.00045318470941 0.000901514063427 0.00569702266695 0.0135290467784 0.060849787546
575 4600 0.157978395905 0.059293101145 0.00044674840532 0.00044674840532 0.000871821492734 0.00562102994378 0.0134672477808 0.059293101145
576 4608 0.162750723347 0.059103752771 0.000431745812208 0.000431745812208 0.000992116093501 0.00541680067691 0.0131096299478 0.059103752771
577 4616 0.153765542352 0.0564492519176 0.000461649059721 0.000461649059721 0.000973210881163 0.00519470855564 0.0129565912369 0.0564492519176
578 4624 0.14778124748 0.0534404890946 0.000450348956184 0.000450348956184 0.000927207151463 0.00543926513487 0.0125979981248 0.0534404890946
579 4632 0.148283404357 0.0516903275762 0.000447212227755 0.000447212227755 0.00093084571537 0.0054643872951 0.0120748537312 0.0516903275762
580 4640 0.166522611525 0.054696613728 0.000422914550726 0.000422914550726 0.000899864130944 0.00571400867635 0.0118580683265 0.054696613728
581 4648 0.147653120716 0.0548045122209 0.00045718878157 0.00045718878157 0.000911290218728 0.0054682876637 0.011944479212 0.0548045122209
582 4656 0.145385694769 0.0524849680453 0.000447935347741 0.000447935347741 0.000891111182945 0.00529495665701 0.0116287390125 0.0524849680453
583 4664 0.117097899904 0.0502442220524 0.000432126066947 0.000432126066947 0.000893711829816 0.00515295861851 0.0116252571275 0.0502442220524
584 4672 0.125716435793 0.0484681623395 0.000422177400944 0.000422177400944 0.000893606321701 0.00485547830933 0.0110603441207 0.0484681623395
585 4680 0.141300065149 0.0545791580391 0.000398471168169 0.000398471168169 0.000880688708287 0.00473732127036 0.010852803999 0.0545791580391
586 4688 0.147558036068 0.0563180724838 0.000384300216349 0.000384300216349 0.000917128393298 0.00491508753866 0.0105924983181 0.0563180724838
587 4696 0.143246679734 0.0564828407264 0.000353937228509 0.000353937228509 0.000979124100412 0.00479435916032 0.0106408488193 0.0564828407264
588 4704 0.141323191656 0.0607947869627 0.000345142862057 0.000345142862057 0.000918337822232 0.0046800001722 0.0107708119459 0.0607947869627
589 4712 0.160232379192 0.0586967369179 0.000335877431724 0.000335877431724 0.0010379992298 0.0045267766136 0.0104955635524 0.0586967369179
590 4720 0.171676632682 0.0554262015818 0.000341131535211 0.000341131535211 0.00106845929001 0.00463273634378 0.0106510803374 0.0554262015818
591 4728 0.224644630348 0.0533143742355 0.000382136096592 0.000382136096592 0.00105671330487 0.00439173302637 0.0102816463242 0.0533143742355
592 4736 0.214944477003 0.0580479913635 0.000383536250332 0.000383536250332 0.00102088724013 0.00492463047584 0.0101388925593 0.0580479913635
593 4744 0.215454150743 0.0561843290531 0.000374923182879 0.000374923182879 0.00105700005026 0.0053378619965 0.0101818958519 0.0561843290531
594 4752 0.240656823549 0.0627452785 0.000378788454386 0.000378788454386 0.00105053662726 0.00554329860988 0.00977743228967 0.0627452785
595 4760 0.242153707972 0.0666448620628 0.000346446778053 0.000346446778053 0.00105521964877 0.00629345694696 0.00955346035401 0.0666448620628
596 4768 0.241210664036 0.0702336719145 0.000345268390035 0.000345268390035 0.00105672037187 0.00589531630036 0.00954492989319 0.0702336719145
597 4776 0.238585511755 0.0702225217429 0.000334356991844 0.000334356991844 0.00102778964655 0.00576332789924 0.00979960565114 0.0702225217429
598 4784 0.240005496049 0.0680033952301 0.000329288965939 0.000329288965939 0.000960778626502 0.00576326011603 0.0101944984771 0.0680033952301
599 4792 0.258413990913 0.0655868117033 0.000316110029356 0.000316110029356 0.000933615932641 0.00549709032847 0.0108661928167 0.0655868117033
600 4800 0.290378672047 0.0637620486449 0.000295692829126 0.000295692829126 0.000997753926953 0.00571063019642 0.0107795535653 0.0637620486449
601 4808 0.299622860866 0.0639938057495 0.000289304409887 0.000289304409887 0.00111341430443 0.00557565152322 0.0102402207188 0.0639938057495
602 4816 0.26440138112 0.0656042111398 0.000304828847341 0.000304828847341 0.00105418545057 0.0058271780432 0.0103775290265 0.0656042111398
603 4824 0.233695411738 0.0634974836152 0.000301930186549 0.000301930186549 0.00102113474178 0.00562434217235 0.0101065149126 0.0634974836152
604 4832 0.195219553695 0.0633872771903 0.000301077184263 0.000301077184263 0.00100042314246 0.00579450243293 0.00968238405373 0.0633872771903
605 4840 0.196317509234 0.0643403104031 0.000289823423187 0.000289823423187 0.000963814190317 0.00567489932619 0.00941182126949 0.0643403104031
606 4848 0.188470995594 0.063333072593 0.000285426614466 0.000285426614466 0.00101702303436 0.00553003143788 0.00923218424563 0.063333072593
607 4856 0.169805927528 0.058494132373 0.000277042322173 0.000277042322173 0.00102691191692 0.00525370061538 0.00927353534162 0.058494132373
608 4864 0.183715412085 0.060285193999 0.00026706588451 0.00026706588451 0.000969983515236 0.00521166244279 0.00888069415652 0.060285193999
609 4872 0.172303309438 0.0635558106289 0.000269356637036 0.000269356637036 0.000951708544237 0.00543348975723 0.00842063724754 0.0635558106289
610 4880 0.148429408224 0.0612552536272 0.000267765340445 0.000267765340445 0.000913902634939 0.00526293554498 0.00809104040323 0.0612552536272
610 4880 0.148429408224 0.0612552536272 0.000267765340445 0.000267765340445 0.000913902634939 0.00526293554498 0.00809104040323 0.0612552536272
