%  columns="iteration, evaluation, min max(neg(.)) min(pos(.)) max correlation, correlation matrix principle axes lengths  (sorted square roots of eigenvalues of correlation matrix)", seed=985740, Sun Dec 16 04:59:11 2018
1 8 -0.020562972943 -0.000502033994073 0.0023499419519 0.024819758604 1 1 1 1 1
2 16 -0.0939772329328 -0.0115865593166 0.0404474290747 0.0642316104389 1 1 1 1 1
3 24 -0.0762163648168 -0.00191770333792 0.00185610553419 0.0910576158502 1 1 1 1 1
4 32 -0.0733099765961 -0.0213298459664 0.0198628090206 0.113336577559 0.91158381361 0.948511007634 1.01491020053 1.03149005841 1.0841251604
5 40 -0.152070513629 -0.00378834488419 0.0472153159623 0.21779558984 0.91158381361 0.948511007634 1.01491020053 1.03149005841 1.0841251604
6 48 -0.19174606384 -0.064332022945 0.015506004452 0.274323729738 0.848547710556 0.906441480381 0.970182552833 1.00698489404 1.22599260312
7 56 -0.211682234508 -0.0258335082499 0.0265907643223 0.195744597281 0.848547710556 0.906441480381 0.970182552833 1.00698489404 1.22599260312
8 64 -0.228806104071 -0.013036241515 0.0263123133908 0.217880258065 0.842987042558 0.914899766978 0.977194675088 1.01849243236 1.2083439058
9 72 -0.279618464982 -0.0262506353235 0.013493341388 0.236205356376 0.842987042558 0.914899766978 0.977194675088 1.01849243236 1.2083439058
10 80 -0.373986932246 -0.0153630017572 0.00941846400324 0.271748467219 0.775900520006 0.888080568076 0.992494817543 1.00286437379 1.2722061046
11 88 -0.380908477428 -0.0104914435403 0.0134220065936 0.269845088425 0.775900520006 0.888080568076 0.992494817543 1.00286437379 1.2722061046
12 96 -0.357983530398 -0.0258418768264 0.00432798978137 0.288450065155 0.772303896706 0.844343926323 0.982678606227 1.01163296681 1.30444299321
13 104 -0.324179388598 -0.00646119028953 0.06269229591 0.237617916309 0.772303896706 0.844343926323 0.982678606227 1.01163296681 1.30444299321
14 112 -0.303916193044 -0.00744818064786 0.0480218009433 0.251093722597 0.736478599367 0.871742263366 0.966220920701 1.04185550554 1.2956152735
15 120 -0.367853415611 -0.0622837263142 0.0498799407441 0.193909296053 0.736478599367 0.871742263366 0.966220920701 1.04185550554 1.2956152735
16 128 -0.41045815616 -0.0565796766099 0.112451623629 0.198334317272 0.695658758031 0.910469853554 0.944745052033 1.02498120237 1.32059602438
17 136 -0.459834080671 -0.036226765503 0.0779568992926 0.197282069974 0.695658758031 0.910469853554 0.944745052033 1.02498120237 1.32059602438
18 144 -0.478641036919 -0.0987058237877 0.0221501686591 0.240727438076 0.680913178744 0.866920222858 0.971666284316 0.991629694306 1.36284326007
19 152 -0.548183918829 -0.116630676193 0.110398638976 0.327438926095 0.680913178744 0.866920222858 0.971666284316 0.991629694306 1.36284326007
20 160 -0.551388913069 -0.111170308636 0.109486810454 0.360228941506 0.638214078596 0.797475124271 0.948127658793 0.970557131152 1.45457520048
21 168 -0.541629728804 -0.125887387502 0.0283487428064 0.352762507671 0.638214078596 0.797475124271 0.948127658793 0.970557131152 1.45457520048
22 176 -0.535477116026 -0.0208452112631 0.0405762966561 0.319621709672 0.631396264106 0.768190351176 0.951784665455 1.0188869597 1.4377752453
23 184 -0.555506560092 -0.00755807748892 0.160382010237 0.330336703377 0.631396264106 0.768190351176 0.951784665455 1.0188869597 1.4377752453
24 192 -0.571545400689 -0.0357294944862 0.0438099945476 0.31955307207 0.604378414297 0.693467306066 0.925251078066 1.12555041249 1.42508825665
25 200 -0.5524222097 -0.0536908816589 0.0134510375889 0.335478284745 0.604378414297 0.693467306066 0.925251078066 1.12555041249 1.42508825665
26 208 -0.554123846074 -0.0360842330568 0.0555693901968 0.373841372218 0.605536890436 0.677127347808 0.917540500327 1.14557325546 1.42147985417
27 216 -0.544771350523 -0.0443045391314 0.0542224490583 0.392370069501 0.605536890436 0.677127347808 0.917540500327 1.14557325546 1.42147985417
28 224 -0.572658707794 -0.0610292132538 0.104236898297 0.380931797449 0.597099630493 0.723692694047 0.919292058749 1.13595799156 1.40863141666
29 232 -0.581529869283 -0.0364169546062 0.206880765446 0.334203558933 0.597099630493 0.723692694047 0.919292058749 1.13595799156 1.40863141666
30 240 -0.617431618425 -0.00183759885067 0.195669065238 0.318255283632 0.586356352075 0.677024441713 0.890645228001 1.15765118897 1.43680859415
31 248 -0.602116015198 -0.0963004253235 0.157222962379 0.302400254987 0.586356352075 0.677024441713 0.890645228001 1.15765118897 1.43680859415
32 256 -0.585622635071 -0.0735810330855 0.118277971139 0.304799459684 0.610395762438 0.717410234748 0.914236412616 1.1208923592 1.42144703355
33 264 -0.596099122218 -0.0631617317206 0.104950396667 0.325018231634 0.610395762438 0.717410234748 0.914236412616 1.1208923592 1.42144703355
34 272 -0.434535814897 -0.0632898025214 0.0505305793322 0.384869238354 0.602584462792 0.758714424706 0.987767050622 1.10396989371 1.36631296358
35 280 -0.425939283321 -0.0225730250985 0.156018439689 0.374874033836 0.602584462792 0.758714424706 0.987767050622 1.10396989371 1.36631296358
36 288 -0.417071786302 -0.048907642248 0.129251825782 0.386155985976 0.583565338277 0.722995427736 0.954240476415 1.16894591936 1.36371538754
37 296 -0.419460220202 -0.0643886808572 0.0411605226137 0.417228230257 0.583565338277 0.722995427736 0.954240476415 1.16894591936 1.36371538754
38 304 -0.465648768564 -0.0288749850299 0.0563686163366 0.479187861412 0.572936976975 0.699010704145 0.992982123797 1.11090571117 1.40107182493
39 312 -0.476540442914 -0.031828432513 0.0811276176352 0.373765307508 0.572936976975 0.699010704145 0.992982123797 1.11090571117 1.40107182493
40 320 -0.515415569983 -0.00345072292667 0.03549798903 0.355989920213 0.592203407833 0.662244404909 1.00379195399 1.13458137949 1.38414387921
41 328 -0.527919895635 -0.0458419820173 0.0780254668993 0.372864335743 0.592203407833 0.662244404909 1.00379195399 1.13458137949 1.38414387921
42 336 -0.564765769176 -0.00755727227176 0.0736569342316 0.354772815481 0.597009177036 0.658826863522 0.997511405444 1.11569308587 1.40346967926
43 344 -0.530092281675 -0.129582130429 0.0226424129845 0.338391199288 0.597009177036 0.658826863522 0.997511405444 1.11569308587 1.40346967926
44 352 -0.52433395682 -0.0137110973468 0.115940084352 0.349556862468 0.654387188496 0.696208594128 0.989532432033 1.09116312017 1.38465144066
45 360 -0.522382240678 -0.00684016528002 0.0772976187786 0.355577239059 0.654387188496 0.696208594128 0.989532432033 1.09116312017 1.38465144066
46 368 -0.484608789321 -0.0235958829083 0.0785432823414 0.307580069802 0.599526706013 0.759976080002 0.990327766461 1.06804476356 1.39338988966
47 376 -0.57018237363 -0.113235057646 0.00481864026018 0.272147719552 0.599526706013 0.759976080002 0.990327766461 1.06804476356 1.39338988966
48 384 -0.573177656862 -0.155669230381 0.00978070160239 0.266280574541 0.553036298721 0.698259641768 1.00925066315 1.09061159822 1.41370568568
49 392 -0.544224009319 -0.021686024624 0.085264943547 0.230002985602 0.553036298721 0.698259641768 1.00925066315 1.09061159822 1.41370568568
50 400 -0.499259590617 -0.113655166205 0.0555366137793 0.236825458191 0.540364150004 0.784856682159 0.957192482944 1.10155095988 1.4008478173
51 408 -0.598543667441 -0.137720996502 0.0453432366769 0.33424732429 0.540364150004 0.784856682159 0.957192482944 1.10155095988 1.4008478173
52 416 -0.688721730381 -0.0105580417641 0.194729549586 0.411352211473 0.476196826632 0.666927964046 0.902210408819 1.10218383948 1.51645996825
53 424 -0.710091991313 -0.116330201548 0.268518519702 0.405958046758 0.476196826632 0.666927964046 0.902210408819 1.10218383948 1.51645996825
54 432 -0.740043093539 -0.125269500477 0.360633031831 0.462438183407 0.46883021282 0.623220887816 0.831767074736 1.06168906827 1.60398684915
55 440 -0.734317420093 -0.162589694663 0.332085183744 0.463038999227 0.46883021282 0.623220887816 0.831767074736 1.06168906827 1.60398684915
56 448 -0.723674266806 -0.182147834621 0.343367660804 0.429300429572 0.492953851165 0.594745169992 0.844212390513 1.11261159655 1.56610202679
57 456 -0.69169456952 -0.190656839205 0.299242261261 0.483223204625 0.492953851165 0.594745169992 0.844212390513 1.11261159655 1.56610202679
58 464 -0.712519253774 -0.122658708068 0.200991984257 0.55564411577 0.491175967871 0.541605075575 0.85983043435 1.14896932674 1.55111934456
59 472 -0.695137560033 -0.0118617137825 0.183666841755 0.530373326964 0.491175967871 0.541605075575 0.85983043435 1.14896932674 1.55111934456
60 480 -0.691826134336 -0.014832970146 0.214791458457 0.516961435964 0.487672807921 0.551745891692 0.798018292045 1.21303887071 1.53279326953
61 488 -0.734846933672 -0.00931594255604 0.319269857717 0.482282312253 0.487672807921 0.551745891692 0.798018292045 1.21303887071 1.53279326953
62 496 -0.717965409445 -0.012397809814 0.300180241897 0.511403836011 0.465472902665 0.533647416103 0.706196405034 1.19778971555 1.60160602116
63 504 -0.713148627366 -0.261017808625 0.00563725945077 0.517336758579 0.465472902665 0.533647416103 0.706196405034 1.19778971555 1.60160602116
64 512 -0.68947904355 -0.253254311932 0.0503926700602 0.478451068919 0.502358744107 0.562181418092 0.734651882591 1.19410926614 1.57034308904
65 520 -0.658016598322 -0.266072219294 0.141220613365 0.441162726403 0.502358744107 0.562181418092 0.734651882591 1.19410926614 1.57034308904
66 528 -0.699615444334 -0.233992508749 0.216929960405 0.436099299304 0.406892614244 0.540133921687 0.733332298009 1.27896330066 1.5392109548
67 536 -0.689952221417 -0.25277094436 0.226423217208 0.429630799345 0.406892614244 0.540133921687 0.733332298009 1.27896330066 1.5392109548
68 544 -0.758311088405 -0.213702568892 0.207489409828 0.542447712354 0.394318742152 0.49124775767 0.72580123492 1.28328095498 1.55871451144
69 552 -0.769320552625 -0.179942506704 0.127247856908 0.582879277649 0.394318742152 0.49124775767 0.72580123492 1.28328095498 1.55871451144
70 560 -0.784477860058 -0.12315983424 0.0438063513681 0.633754655688 0.36787088347 0.467815894216 0.69886020757 1.20829207178 1.64238971677
71 568 -0.764920988813 -0.152068653853 0.0390624266823 0.585795511541 0.36787088347 0.467815894216 0.69886020757 1.20829207178 1.64238971677
72 576 -0.761859112539 -0.123985937653 0.0212501165842 0.585788309573 0.39405818055 0.491790768972 0.708958480545 1.19985127802 1.63113297232
73 584 -0.768942024711 -0.0142743079645 0.294513919578 0.54320733763 0.39405818055 0.491790768972 0.708958480545 1.19985127802 1.63113297232
74 592 -0.774206841567 -0.0667375579222 0.304612780854 0.559082461135 0.401715366175 0.495583747725 0.713648831536 1.16970962299 1.64787932103
75 600 -0.749364488887 -0.268782134137 0.0525966589093 0.477995168623 0.401715366175 0.495583747725 0.713648831536 1.16970962299 1.64787932103
76 608 -0.757580549318 -0.280303868171 0.0188953438857 0.525560346925 0.411951845344 0.452796670685 0.582514970517 1.22424947675 1.66947907442
77 616 -0.728891406344 -0.258781190744 0.189521336428 0.544141549544 0.411951845344 0.452796670685 0.582514970517 1.22424947675 1.66947907442
78 624 -0.736909446712 -0.308392896584 0.198489657605 0.572227455306 0.375437242972 0.419944498143 0.504549959913 1.28371786048 1.66739056244
79 632 -0.741450625846 -0.304158286996 0.188703481652 0.566846219737 0.375437242972 0.419944498143 0.504549959913 1.28371786048 1.66739056244
80 640 -0.754386483418 -0.320430951384 0.0901007350149 0.579106130299 0.365349569149 0.413445965592 0.481914975077 1.26621693354 1.69116372947
81 648 -0.781086073769 -0.325277615 0.0880897473263 0.559552637154 0.365349569149 0.413445965592 0.481914975077 1.26621693354 1.69116372947
82 656 -0.773755229149 -0.00218999901535 0.44361016019 0.515032771045 0.374322949717 0.413282284632 0.507197262263 1.24736735592 1.69584955083
83 664 -0.778824641842 -0.0365841095353 0.484035673034 0.497597708915 0.374322949717 0.413282284632 0.507197262263 1.24736735592 1.69584955083
84 672 -0.777321438688 -0.0188998179122 0.457830482776 0.484847874795 0.365737129672 0.406233638948 0.522596867974 1.2577145636 1.68708540764
85 680 -0.77773967493 -0.039111307329 0.464215204565 0.505720303423 0.365737129672 0.406233638948 0.522596867974 1.2577145636 1.68708540764
86 688 -0.779704351924 -0.247307961393 0.0171446728522 0.494000373954 0.367572009775 0.428545017612 0.559522250997 1.27395019162 1.65687227794
87 696 -0.783398701073 -0.0338510239521 0.441992106733 0.504908649827 0.367572009775 0.428545017612 0.559522250997 1.27395019162 1.65687227794
88 704 -0.791462730227 -0.237876249552 0.0318717440329 0.514053199723 0.382300734572 0.423357668893 0.569912418173 1.28698289197 1.64118533503
89 712 -0.817899683175 -0.237955579443 0.0423593835168 0.548983427148 0.382300734572 0.423357668893 0.569912418173 1.28698289197 1.64118533503
90 720 -0.803878350672 -0.21919671458 0.114259819514 0.516703694494 0.380903471976 0.41979496603 0.555138656347 1.32920246997 1.61360670474
91 728 -0.793040033797 -0.220916078562 0.152319414678 0.459908547259 0.380903471976 0.41979496603 0.555138656347 1.32920246997 1.61360670474
92 736 -0.793118961508 -0.128457542424 0.191389857486 0.473537205291 0.376648121754 0.430257073729 0.541237376786 1.38935302169 1.56517581312
93 744 -0.775562507457 -0.0937801397047 0.171688346416 0.50564701339 0.376648121754 0.430257073729 0.541237376786 1.38935302169 1.56517581312
94 752 -0.725886748524 -0.138328956301 0.147512924408 0.491810413554 0.381538749679 0.461214656742 0.58682490724 1.36790322489 1.55762207177
95 760 -0.778936862355 -0.29142161485 0.143942597039 0.473884745374 0.381538749679 0.461214656742 0.58682490724 1.36790322489 1.55762207177
96 768 -0.787273707976 -0.314505684301 0.135806234516 0.45222532403 0.358342977153 0.425584618072 0.544168770698 1.30748090214 1.6385487735
97 776 -0.78071915724 -0.313706808475 0.206164089377 0.429127661047 0.358342977153 0.425584618072 0.544168770698 1.30748090214 1.6385487735
98 784 -0.757469676342 -0.309207044375 0.185478383084 0.471879470301 0.361363533613 0.42041818177 0.563498358829 1.33250739982 1.6123146647
99 792 -0.723773240561 -0.282790673313 0.14305178909 0.504698813194 0.361363533613 0.42041818177 0.563498358829 1.33250739982 1.6123146647
100 800 -0.745864627194 -0.305731424089 0.223015398444 0.464252232311 0.304725109565 0.395391291813 0.586628765557 1.38420115871 1.57818318886
101 808 -0.753683535507 -0.367098755192 0.168566006403 0.488396449789 0.304725109565 0.395391291813 0.586628765557 1.38420115871 1.57818318886
102 816 -0.761848338957 -0.302905724586 0.149617674837 0.503265889329 0.237449419468 0.384215196109 0.582707216631 1.38951317076 1.58924570292
103 824 -0.735403086424 -0.28581227194 0.156516198121 0.5309229462 0.237449419468 0.384215196109 0.582707216631 1.38951317076 1.58924570292
104 832 -0.715548533913 -0.31602324974 0.154309059304 0.507540235174 0.228840864214 0.420758976916 0.614430922931 1.37735882211 1.57985792346
105 840 -0.724958946437 -0.334383383961 0.225792260858 0.465748090024 0.228840864214 0.420758976916 0.614430922931 1.37735882211 1.57985792346
106 848 -0.749921099733 -0.331653892003 0.303202821125 0.471352899408 0.231124473032 0.396610601847 0.607821725971 1.33821381425 1.62142469614
107 856 -0.733954069685 -0.293427968219 0.302302326507 0.466874336795 0.231124473032 0.396610601847 0.607821725971 1.33821381425 1.62142469614
108 864 -0.710038991403 -0.291383819067 0.300788543957 0.449643243712 0.263154956253 0.431731366449 0.629193767848 1.32748342826 1.6081854515
109 872 -0.723727057374 -0.273368816556 0.329407303747 0.478396016155 0.263154956253 0.431731366449 0.629193767848 1.32748342826 1.6081854515
110 880 -0.719062817584 -0.293571761101 0.323912407784 0.4475197875 0.250667385308 0.425979309813 0.612330885686 1.32882355591 1.61709193717
111 888 -0.730440225158 -0.251285748927 0.285510600396 0.466577824299 0.250667385308 0.425979309813 0.612330885686 1.32882355591 1.61709193717
112 896 -0.734075130069 -0.276020848682 0.271106529327 0.45396056926 0.281229771298 0.417713881416 0.578644774596 1.35217695466 1.60723757955
113 904 -0.752284889206 -0.235735397477 0.140058555278 0.43882349987 0.281229771298 0.417713881416 0.578644774596 1.35217695466 1.60723757955
114 912 -0.775144415725 -0.282886386073 0.189335894139 0.508146098036 0.285803404412 0.417228601313 0.538657549371 1.38052820751 1.5963165792
115 920 -0.775087008115 -0.260101787241 0.272841548788 0.538034656571 0.285803404412 0.417228601313 0.538657549371 1.38052820751 1.5963165792
116 928 -0.773229060907 -0.220368683842 0.171194545338 0.601024853117 0.289337376284 0.40062156225 0.528664557916 1.35979669574 1.62088030958
117 936 -0.778740427546 -0.216944019623 0.175815290394 0.604134917275 0.289337376284 0.40062156225 0.528664557916 1.35979669574 1.62088030958
118 944 -0.783805892045 -0.177602498032 0.212352760561 0.637687813142 0.297771301287 0.395729312934 0.488043818658 1.33833135737 1.65088248278
119 952 -0.786721191962 -0.17793326918 0.193628641332 0.647421047338 0.297771301287 0.395729312934 0.488043818658 1.33833135737 1.65088248278
120 960 -0.783588171737 -0.215084006525 0.177040313386 0.661515318486 0.281711126101 0.367474168555 0.488160803022 1.35452800786 1.64698344958
121 968 -0.765329216316 -0.251351164499 0.145536492036 0.629253123339 0.281711126101 0.367474168555 0.488160803022 1.35452800786 1.64698344958
122 976 -0.718791296036 -0.282557042643 0.147782280086 0.621505696006 0.27608565935 0.396549279694 0.538104353358 1.36738672428 1.61468963849
123 984 -0.73077796189 -0.245902638116 0.124817738337 0.64320212226 0.27608565935 0.396549279694 0.538104353358 1.36738672428 1.61468963849
124 992 -0.766409682694 -0.21785519092 0.171019877402 0.678831166312 0.263169518671 0.364436488571 0.518276801061 1.34694699713 1.64774111882
125 1000 -0.744024908386 -0.283454601778 0.17194015217 0.731218990292 0.263169518671 0.364436488571 0.518276801061 1.34694699713 1.64774111882
126 1008 -0.742425077492 -0.301486768209 0.166291329525 0.743548200815 0.261854302697 0.374317495463 0.489568308444 1.34534399588 1.6558052847
127 1016 -0.741938964944 -0.330463238156 0.125972747919 0.751034874106 0.261854302697 0.374317495463 0.489568308444 1.34534399588 1.6558052847
128 1024 -0.748661213284 -0.280313150971 0.137885411067 0.743763643296 0.262300472543 0.38365915877 0.512726203844 1.31169497365 1.67349103612
129 1032 -0.741838513519 -0.308243391891 0.120835839779 0.727836521054 0.262300472543 0.38365915877 0.512726203844 1.31169497365 1.67349103612
130 1040 -0.753047744376 -0.253080958902 0.125291217742 0.741558758213 0.254859693962 0.390069416642 0.569548465859 1.31384493835 1.65297259796
131 1048 -0.714482545797 -0.278498243795 0.0790617254176 0.738187207162 0.254859693962 0.390069416642 0.569548465859 1.31384493835 1.65297259796
132 1056 -0.720066973021 -0.378666706353 0.0950207682375 0.671959498097 0.250291972598 0.402661472707 0.588691329567 1.32102036786 1.63815914155
133 1064 -0.729202941931 -0.43855581409 0.0261697901206 0.676765915718 0.250291972598 0.402661472707 0.588691329567 1.32102036786 1.63815914155
134 1072 -0.71686850289 -0.0207490075898 0.210062843398 0.676426581959 0.242036911705 0.405621453947 0.596337696571 1.28226114773 1.66645644112
135 1080 -0.706759073516 -0.407326482713 0.0245277258316 0.613583101436 0.242036911705 0.405621453947 0.596337696571 1.28226114773 1.66645644112
136 1088 -0.733400080572 -0.379982582704 0.114201559986 0.631609928749 0.237118765961 0.418687943614 0.662320282901 1.31971492731 1.60877576131
137 1096 -0.779472529997 -0.357937139383 0.0391973200441 0.690626082119 0.237118765961 0.418687943614 0.662320282901 1.31971492731 1.60877576131
138 1104 -0.762918307078 -0.35898897071 0.0520485075373 0.664332740507 0.243863975115 0.410557523506 0.674581306396 1.26532132485 1.6479911673
139 1112 -0.763821683055 -0.293763308906 0.0435265148543 0.622563208358 0.243863975115 0.410557523506 0.674581306396 1.26532132485 1.6479911673
140 1120 -0.747905029204 -0.0133171210641 0.209082863027 0.628773435863 0.227545178234 0.419686069632 0.736992258643 1.21624478354 1.65821525504
141 1128 -0.779608350115 -0.033472992291 0.20455026456 0.682330598142 0.227545178234 0.419686069632 0.736992258643 1.21624478354 1.65821525504
142 1136 -0.79755402023 -0.0631959217385 0.196740673908 0.736303710125 0.20767945278 0.394377773435 0.747307066822 1.18950303973 1.68165099918
143 1144 -0.831215241126 -0.0241482524625 0.238778511319 0.765985114417 0.20767945278 0.394377773435 0.747307066822 1.18950303973 1.68165099918
144 1152 -0.834136725578 -0.119563479632 0.0013241189456 0.74151438586 0.198924427284 0.359563284414 0.785120822331 1.18617971414 1.67562116746
145 1160 -0.847675230825 -0.00719719310476 0.231101248591 0.723935403741 0.198924427284 0.359563284414 0.785120822331 1.18617971414 1.67562116746
146 1168 -0.843777849651 -0.202496026646 0.0560690331809 0.70659906856 0.204877675017 0.341994577107 0.796234483874 1.20681540937 1.65851501709
147 1176 -0.838763414111 -0.347257727062 0.0603325557415 0.645373066201 0.204877675017 0.341994577107 0.796234483874 1.20681540937 1.65851501709
148 1184 -0.842746252342 -0.29431961424 0.0344389506568 0.619714050368 0.208687402125 0.350100843718 0.806044088387 1.30619950237 1.5741711327
149 1192 -0.82655329236 -0.0188124319088 0.209400748151 0.618736331919 0.208687402125 0.350100843718 0.806044088387 1.30619950237 1.5741711327
150 1200 -0.831903581183 -0.00668025541652 0.20926956318 0.599197971933 0.205121598906 0.361515447956 0.809815773344 1.31870533448 1.55963020124
151 1208 -0.837020459019 -0.276580511246 0.0026624306452 0.615889769747 0.205121598906 0.361515447956 0.809815773344 1.31870533448 1.55963020124
152 1216 -0.848495853055 -0.286081810761 0.0680958541125 0.593062402051 0.181056515636 0.348132268564 0.764071935156 1.31720787565 1.58971065039
153 1224 -0.884153310861 -0.277424622834 0.0717664599634 0.668257514814 0.181056515636 0.348132268564 0.764071935156 1.31720787565 1.58971065039
154 1232 -0.893239230752 -0.270614564554 0.0709741857676 0.677081631282 0.156365376012 0.293643642058 0.731540539521 1.30881678003 1.62516779319
155 1240 -0.899354590326 -0.210884192762 0.0187515945025 0.686152108011 0.156365376012 0.293643642058 0.731540539521 1.30881678003 1.62516779319
156 1248 -0.874571899443 -0.0367821638209 0.382791857372 0.682204737169 0.159809647313 0.316363227969 0.779584702794 1.27052509376 1.62861562743
157 1256 -0.881699376391 -0.0251738705803 0.277586516842 0.695767552151 0.159809647313 0.316363227969 0.779584702794 1.27052509376 1.62861562743
158 1264 -0.885919179147 -0.232084352386 0.0177344163944 0.706756904433 0.142373264396 0.313526333501 0.757422862893 1.29927059072 1.61852946549
159 1272 -0.916292570395 -0.193590719376 0.0656515846547 0.707079384024 0.142373264396 0.313526333501 0.757422862893 1.29927059072 1.61852946549
160 1280 -0.925487681986 -0.175523392069 0.143041051657 0.668987305994 0.125322790789 0.253998159492 0.775693917137 1.24148213192 1.66637336637
161 1288 -0.926528811631 -0.204825550289 0.161185780375 0.686799051845 0.125322790789 0.253998159492 0.775693917137 1.24148213192 1.66637336637
162 1296 -0.909606457475 -0.213253809277 0.0690973362066 0.6656431618 0.124150020446 0.254960679227 0.748521982584 1.28828676973 1.64305017118
163 1304 -0.904665860158 -0.0200886085752 0.418854342254 0.6652825896 0.124150020446 0.254960679227 0.748521982584 1.28828676973 1.64305017118
164 1312 -0.901842887464 -0.042721843315 0.427740674836 0.63344762254 0.138772752398 0.279520594028 0.73250535644 1.32907212172 1.61233171486
165 1320 -0.894028134803 -0.0714720480364 0.427106542653 0.614277692161 0.138772752398 0.279520594028 0.73250535644 1.32907212172 1.61233171486
166 1328 -0.899506490352 -0.23719282669 0.0281530514605 0.681601906939 0.134773358044 0.269483576281 0.716051008479 1.31734241527 1.63128619753
167 1336 -0.88418484617 -0.216302523258 0.0377895051563 0.696067377828 0.134773358044 0.269483576281 0.716051008479 1.31734241527 1.63128619753
168 1344 -0.873906236051 -0.226442717871 0.0604722395744 0.71364656118 0.133756840262 0.276306028591 0.748622134092 1.29074425674 1.63685926404
169 1352 -0.886528892306 -0.192245147386 0.0562239328523 0.728828914397 0.133756840262 0.276306028591 0.748622134092 1.29074425674 1.63685926404
170 1360 -0.901950187841 -0.0101789083904 0.429099188269 0.685937053156 0.136441855962 0.276292335345 0.692291988764 1.32019990459 1.63794083519
171 1368 -0.897385812346 -0.022062166906 0.432516392522 0.678090370545 0.136441855962 0.276292335345 0.692291988764 1.32019990459 1.63794083519
172 1376 -0.903518507604 -0.0180793224761 0.476347444311 0.706063341741 0.136346363933 0.28001800452 0.660379470821 1.30989822356 1.65863352933
173 1384 -0.896858940609 -0.0235160681198 0.450697571825 0.710460927589 0.136346363933 0.28001800452 0.660379470821 1.30989822356 1.65863352933
174 1392 -0.902518788475 -0.0541482948828 0.506035219273 0.679176228887 0.144906795714 0.298760841887 0.669823434034 1.29532339001 1.66229295325
175 1400 -0.911691465164 -0.0715103323202 0.0253611407289 0.700417730471 0.144906795714 0.298760841887 0.669823434034 1.29532339001 1.66229295325
176 1408 -0.909461150574 -0.0155189138841 0.0798951217758 0.7089808238 0.155346206762 0.295140728206 0.696241378101 1.25395061248 1.68274041714
177 1416 -0.901604273974 -0.0910275040694 0.0042445145568 0.689944930546 0.155346206762 0.295140728206 0.696241378101 1.25395061248 1.68274041714
178 1424 -0.885310186263 -0.0576343741382 0.0470463906894 0.698532740306 0.148536059232 0.33456257882 0.672890382643 1.28221741791 1.66407390044
179 1432 -0.879885660854 -0.110161469614 0.0920665162793 0.59766694391 0.148536059232 0.33456257882 0.672890382643 1.28221741791 1.66407390044
180 1440 -0.894066457499 -0.0554309038836 0.255663618453 0.615738909732 0.1474416072 0.325490793361 0.712499413644 1.23258635856 1.68682902813
181 1448 -0.908204573227 -0.0476018733654 0.245592609468 0.612345179751 0.1474416072 0.325490793361 0.712499413644 1.23258635856 1.68682902813
182 1456 -0.924760948357 -0.330587748152 0.0457563879875 0.654815161535 0.134613060819 0.267553066732 0.71778886606 1.19017964121 1.72584653019
183 1464 -0.915923664742 -0.255395449535 0.133110380754 0.669688703415 0.134613060819 0.267553066732 0.71778886606 1.19017964121 1.72584653019
184 1472 -0.901741838684 -0.273466737206 0.174729783003 0.696755381922 0.142088497961 0.280355832097 0.749252188008 1.13804243568 1.74490459324
185 1480 -0.896042266564 -0.272130432509 0.145745283597 0.699012355819 0.142088497961 0.280355832097 0.749252188008 1.13804243568 1.74490459324
186 1488 -0.888811586308 -0.269269291349 0.0141548673738 0.692140709695 0.141003838375 0.280084662936 0.656146293215 1.2724178376 1.68881478784
187 1496 -0.894162865448 -0.284157331902 0.0389039448641 0.696509962234 0.141003838375 0.280084662936 0.656146293215 1.2724178376 1.68881478784
188 1504 -0.904586587192 -0.28816276075 0.0652349652299 0.729808809029 0.14943823946 0.253683683602 0.626971325682 1.26064746854 1.71201276809
189 1512 -0.906077849373 -0.0148163522041 0.0567103383062 0.714885829032 0.14943823946 0.253683683602 0.626971325682 1.26064746854 1.71201276809
190 1520 -0.917395997443 -0.113186131941 0.0882882765282 0.712732876128 0.136165780701 0.234920788756 0.585339691234 1.33513327787 1.67363905289
191 1528 -0.928248828445 -0.059339478337 0.0206375788042 0.718336047445 0.136165780701 0.234920788756 0.585339691234 1.33513327787 1.67363905289
192 1536 -0.892634603365 -0.107812143504 0.455406662538 0.696429249247 0.124150450689 0.232279750427 0.568893307846 1.37975443313 1.64416267191
193 1544 -0.897746567981 -0.0996370228258 0.434178855404 0.709779747468 0.124150450689 0.232279750427 0.568893307846 1.37975443313 1.64416267191
194 1552 -0.900839076809 -0.107930430041 0.424941488962 0.758323386989 0.111601261361 0.241184301925 0.523029953385 1.4671605102 1.58216781541
195 1560 -0.924531276191 -0.248818132178 0.0319185990191 0.760030315663 0.111601261361 0.241184301925 0.523029953385 1.4671605102 1.58216781541
196 1568 -0.921133878365 -0.247890435711 0.0359048154079 0.753481983161 0.101777798195 0.211885894931 0.550921330653 1.39491016763 1.64178468716
197 1576 -0.912160609601 -0.0426109187473 0.502388086404 0.765960579087 0.101777798195 0.211885894931 0.550921330653 1.39491016763 1.64178468716
198 1584 -0.894200154986 -0.0883082933066 0.462039559264 0.76297786303 0.0991145485377 0.221477644863 0.531673965503 1.45208536833 1.59683901398
199 1592 -0.898051434639 -0.118117638214 0.445025183969 0.757237110049 0.0991145485377 0.221477644863 0.531673965503 1.45208536833 1.59683901398
200 1600 -0.904746026602 -0.128378422799 0.455999046101 0.715100906406 0.096342576441 0.224683712897 0.579719219548 1.45366478066 1.57829644525
201 1608 -0.909896919933 -0.11520455065 0.450345408391 0.703524352209 0.096342576441 0.224683712897 0.579719219548 1.45366478066 1.57829644525
202 1616 -0.911588892052 -0.13683142542 0.420615598332 0.72398789683 0.0928104139522 0.212610040745 0.553739649061 1.46098733137 1.58274180342
203 1624 -0.898485580271 -0.117103848899 0.389991658671 0.728078383422 0.0928104139522 0.212610040745 0.553739649061 1.46098733137 1.58274180342
204 1632 -0.899481668961 -0.130577585516 0.4197876673 0.72474170262 0.0933265471459 0.237723685177 0.588867973043 1.46766043594 1.5601233798
205 1640 -0.903437497697 -0.129671205967 0.41503557709 0.720700511356 0.0933265471459 0.237723685177 0.588867973043 1.46766043594 1.5601233798
206 1648 -0.897477686127 -0.0747582047594 0.3407655819 0.748717122755 0.0911184081808 0.246630142456 0.569531924083 1.49121318894 1.54362807085
207 1656 -0.880954531982 -0.0946621696757 0.344493660984 0.741557700287 0.0911184081808 0.246630142456 0.569531924083 1.49121318894 1.54362807085
208 1664 -0.897577692155 -0.0593955145517 0.379433782568 0.721780043529 0.089869572497 0.240626735859 0.598407988825 1.48257845674 1.5420412551
209 1672 -0.905607343609 -0.00283522158638 0.359718227881 0.72541324476 0.089869572497 0.240626735859 0.598407988825 1.48257845674 1.5420412551
210 1680 -0.922063986514 -0.0515207200922 0.4696111593 0.777119046528 0.0841675316942 0.221706952468 0.532169772758 1.46694610531 1.58386436001
211 1688 -0.92074989541 -0.00791447258987 0.434448797154 0.808789877896 0.0841675316942 0.221706952468 0.532169772758 1.46694610531 1.58386436001
212 1696 -0.923717601754 -0.021340098822 0.393363233177 0.815908991657 0.0746036049925 0.220665265246 0.496692144874 1.47337475925 1.59003297917
213 1704 -0.915583364506 -0.223646363586 0.0148777139943 0.839490738716 0.0746036049925 0.220665265246 0.496692144874 1.47337475925 1.59003297917
214 1712 -0.919868787716 -0.0118378609637 0.423655931335 0.841036745178 0.0682014487824 0.214186702994 0.479975389502 1.48076922619 1.58947121486
215 1720 -0.902473101618 -0.233795445694 0.0417243101881 0.834422568621 0.0682014487824 0.214186702994 0.479975389502 1.48076922619 1.58947121486
216 1728 -0.896235872183 -0.273796456408 0.0870242398194 0.848153982571 0.060278542533 0.214241364505 0.545025116805 1.41766807743 1.62592496116
217 1736 -0.896328923169 -0.301291539964 0.125124450501 0.861742320325 0.060278542533 0.214241364505 0.545025116805 1.41766807743 1.62592496116
218 1744 -0.882765771659 -0.238817524578 0.126564323437 0.87103363187 0.0570355453218 0.229048056174 0.524505724293 1.37311787232 1.66844987591
219 1752 -0.878290584796 -0.217407432406 0.115442235758 0.879320003963 0.0570355453218 0.229048056174 0.524505724293 1.37311787232 1.66844987591
220 1760 -0.884478640016 -0.231160693018 0.0626409918774 0.883685347564 0.0558841331995 0.227157950374 0.488377777499 1.40549458259 1.6526791443
221 1768 -0.879151491481 -0.17311139152 0.0699983893732 0.893073520477 0.0558841331995 0.227157950374 0.488377777499 1.40549458259 1.6526791443
222 1776 -0.874638834706 -0.0607206508359 0.0908108404552 0.911700634497 0.0515966560701 0.224300485093 0.477881508551 1.30315073217 1.73794548548
223 1784 -0.88168143656 -0.0495791490795 0.0701905661802 0.912986671976 0.0515966560701 0.224300485093 0.477881508551 1.30315073217 1.73794548548
224 1792 -0.896488288313 -0.101904543384 0.123172382487 0.904545096585 0.0563813039788 0.221642707023 0.442838247685 1.32302747149 1.7323937933
225 1800 -0.896395604343 -0.0958614207599 0.108191450377 0.907274396785 0.0563813039788 0.221642707023 0.442838247685 1.32302747149 1.7323937933
226 1808 -0.891762495796 -0.0815951627047 0.105049049371 0.892177652861 0.0564926689631 0.230774492354 0.452526324324 1.31726696462 1.73308377805
227 1816 -0.90038708025 -0.123850376989 0.103191902633 0.873913133865 0.0564926689631 0.230774492354 0.452526324324 1.31726696462 1.73308377805
228 1824 -0.901520671224 -0.140001581174 0.0577909694643 0.863275468039 0.0565205384862 0.225483166782 0.485541688767 1.37536154579 1.67886647982
229 1832 -0.90850688732 -0.117639271337 0.0984624578283 0.866824354419 0.0565205384862 0.225483166782 0.485541688767 1.37536154579 1.67886647982
230 1840 -0.908780601831 -0.109659411593 0.0598658671573 0.85644134338 0.0616536011409 0.230860525737 0.505070248151 1.36187365297 1.68318342699
231 1848 -0.924712208856 -0.012542137785 0.330324073357 0.829552861564 0.0616536011409 0.230860525737 0.505070248151 1.36187365297 1.68318342699
232 1856 -0.927253297033 -0.0374436907113 0.279342878902 0.840424552023 0.0566718342871 0.201488168257 0.436479143948 1.46710381647 1.61656523835
233 1864 -0.929410409508 -0.0388077447775 0.323664424365 0.844819420712 0.0566718342871 0.201488168257 0.436479143948 1.46710381647 1.61656523835
234 1872 -0.923587948574 -0.0637007583375 0.231728249364 0.847483417239 0.0607807707542 0.198129364028 0.452523456269 1.44890180965 1.62878989454
235 1880 -0.926350960426 -0.0475443061512 0.169536416908 0.862094145699 0.0607807707542 0.198129364028 0.452523456269 1.44890180965 1.62878989454
236 1888 -0.926499822916 -0.048517631152 0.153883660318 0.866849706495 0.0653178749291 0.203984487733 0.422859192447 1.42982304186 1.65254956849
237 1896 -0.928696686782 -0.0328818524861 0.165634973693 0.858795628846 0.0653178749291 0.203984487733 0.422859192447 1.42982304186 1.65254956849
238 1904 -0.9203850077 -0.0390976692434 0.166464013919 0.873599425841 0.0765467425594 0.212309667105 0.433758203019 1.4263500857 1.65119485701
239 1912 -0.929059598079 -0.154050341926 0.0230874380454 0.878139990021 0.0765467425594 0.212309667105 0.433758203019 1.4263500857 1.65119485701
240 1920 -0.928500027077 -0.00606321426848 0.256112050971 0.883537123969 0.0760581567088 0.182270807609 0.442697327223 1.45994803855 1.6228257179
241 1928 -0.938687949722 -0.170591637856 0.0652594013961 0.878310281469 0.0760581567088 0.182270807609 0.442697327223 1.45994803855 1.6228257179
242 1936 -0.947508748436 -0.182176925523 0.0803133295921 0.862323849651 0.076076554155 0.172541837778 0.40232078044 1.46069880605 1.63368866672
243 1944 -0.952402723413 -0.136806602594 0.044205396333 0.828758608232 0.076076554155 0.172541837778 0.40232078044 1.46069880605 1.63368866672
244 1952 -0.93655187065 -0.149408753173 0.00356907268661 0.828916041032 0.0714565494218 0.181881917224 0.477315035138 1.4798602285 1.59499121975
245 1960 -0.942543899181 -0.235046854457 0.10068122083 0.802276604718 0.0714565494218 0.181881917224 0.477315035138 1.4798602285 1.59499121975
246 1968 -0.947804590796 -0.246254423998 0.202765612783 0.806839336049 0.0673968799595 0.183361344432 0.449599297427 1.39570964661 1.67680986759
247 1976 -0.95058340112 -0.239026185562 0.192482808273 0.809368128506 0.0673968799595 0.183361344432 0.449599297427 1.39570964661 1.67680986759
248 1984 -0.950692796376 -0.188197223738 0.126171728836 0.818098719305 0.0730152763271 0.183592284147 0.427111165955 1.34858531411 1.72042330405
249 1992 -0.95218592975 -0.192378438552 0.129689253718 0.807121878148 0.0730152763271 0.183592284147 0.427111165955 1.34858531411 1.72042330405
250 2000 -0.948211066456 -0.150507639639 0.107008329801 0.801574107291 0.0781435611384 0.183590105209 0.443116477704 1.31824565581 1.7395586898
251 2008 -0.940814572251 -0.196468571231 0.194414591577 0.7642141097 0.0781435611384 0.183590105209 0.443116477704 1.31824565581 1.7395586898
252 2016 -0.941572455937 -0.0541673741437 0.0639604584022 0.788010710718 0.0793654648758 0.185279933534 0.4485927306 1.26115879201 1.77977963035
253 2024 -0.94524588396 -0.081718035916 0.0631156629518 0.801065859477 0.0793654648758 0.185279933534 0.4485927306 1.26115879201 1.77977963035
254 2032 -0.948410237656 -0.109402100522 0.0788678368878 0.777226672282 0.0755217223004 0.174357869797 0.465400213471 1.14195341145 1.85559716805
255 2040 -0.955160755541 -0.124507259627 0.0936257332751 0.762425812541 0.0755217223004 0.174357869797 0.465400213471 1.14195341145 1.85559716805
256 2048 -0.953865185167 -0.087180601112 0.0605831997424 0.741716784279 0.0757715117905 0.162472678282 0.47450065348 1.13610087107 1.85795189588
257 2056 -0.948547361697 -0.115058828745 0.105016172429 0.754147440162 0.0757715117905 0.162472678282 0.47450065348 1.13610087107 1.85795189588
258 2064 -0.947967786165 -0.149183806635 0.14063832958 0.771325597209 0.0807053863171 0.165404547444 0.507760543793 1.10471293357 1.86759646093
259 2072 -0.947275158998 -0.196357532439 0.179864110347 0.800119098541 0.0807053863171 0.165404547444 0.507760543793 1.10471293357 1.86759646093
260 2080 -0.942803035412 -0.164586196015 0.152032621424 0.766492988251 0.0757083393865 0.180039320965 0.532110482451 1.10435660214 1.85986801145
261 2088 -0.940342604328 -0.160008243541 0.133623949734 0.774576356619 0.0757083393865 0.180039320965 0.532110482451 1.10435660214 1.85986801145
262 2096 -0.938666935309 -0.09975470557 0.0843497102402 0.73458114138 0.0786132573404 0.181454343197 0.551511697876 1.13982095842 1.83235840025
263 2104 -0.937435142342 -0.0843176249291 0.0574816363725 0.707290797072 0.0786132573404 0.181454343197 0.551511697876 1.13982095842 1.83235840025
264 2112 -0.93569713477 -0.0480004688135 0.0304447817818 0.716040457622 0.0789043852778 0.190246919573 0.599140713949 1.18511762951 1.78720642811
265 2120 -0.928729566139 -0.0287195647674 0.0157963186421 0.612422491074 0.0789043852778 0.190246919573 0.599140713949 1.18511762951 1.78720642811
266 2128 -0.913840281476 -0.0780966742914 0.000500147304703 0.682419164672 0.0744573742877 0.191972780376 0.759981402896 1.24390794618 1.68306976673
267 2136 -0.913100465898 -0.0336068324973 0.012122468979 0.747590936377 0.0744573742877 0.191972780376 0.759981402896 1.24390794618 1.68306976673
268 2144 -0.900821684601 -0.0102203124519 0.00475075793121 0.799372608484 0.05640484 0.200962350454 0.632008263115 1.27791191311 1.70995301848
269 2152 -0.915588925136 -0.17661841578 0.178487608503 0.791004153528 0.05640484 0.200962350454 0.632008263115 1.27791191311 1.70995301848
270 2160 -0.914172073005 -0.164651186129 0.16093407223 0.809937995461 0.0488321612997 0.174163989476 0.584169963919 1.39999716333 1.63279996347
271 2168 -0.916535308493 -0.172546796919 0.0634534543053 0.839501676616 0.0488321612997 0.174163989476 0.584169963919 1.39999716333 1.63279996347
272 2176 -0.93366194125 -0.179682150737 0.165187955133 0.803574931196 0.0499693321974 0.15863819915 0.523427531953 1.40767093134 1.64827884639
273 2184 -0.933779567347 -0.119679219754 0.163042624731 0.818076592425 0.0499693321974 0.15863819915 0.523427531953 1.40767093134 1.64827884639
274 2192 -0.923301146696 -0.156228523139 0.0500775846164 0.816552307599 0.0470583894228 0.154742386811 0.508507274115 1.41889787674 1.64377293725
275 2200 -0.918756456076 -0.116275529499 0.0911834081873 0.838396228694 0.0470583894228 0.154742386811 0.508507274115 1.41889787674 1.64377293725
276 2208 -0.925665672968 -0.0507262716241 0.0783306902657 0.848327666854 0.0416252259637 0.141721682704 0.466171097755 1.35517821664 1.71007567493
277 2216 -0.923165814058 -0.0452361349027 0.0576588553059 0.847740929548 0.0416252259637 0.141721682704 0.466171097755 1.35517821664 1.71007567493
278 2224 -0.910762595097 -0.349015299699 0.0191131680899 0.828737091462 0.0412349546111 0.152098994411 0.561327405093 1.32162358869 1.70686502352
279 2232 -0.917087481881 -0.384244339886 0.058559416457 0.824399441761 0.0412349546111 0.152098994411 0.561327405093 1.32162358869 1.70686502352
280 2240 -0.916396031967 -0.397042793014 0.0118346959247 0.800690164684 0.040572572385 0.147312213159 0.587791987032 1.27547808618 1.73329432292
281 2248 -0.917127699694 -0.0215466119124 0.101324194125 0.80366395123 0.040572572385 0.147312213159 0.587791987032 1.27547808618 1.73329432292
282 2256 -0.91063987542 -0.00809158014876 0.0804901245445 0.796788784295 0.0453155488784 0.146161161083 0.603452418635 1.27709206043 1.72669176857
283 2264 -0.910618786342 -0.0521803876802 0.109035312715 0.799896890015 0.0453155488784 0.146161161083 0.603452418635 1.27709206043 1.72669176857
284 2272 -0.913705453403 -0.120786732939 0.157277434527 0.797325221422 0.0457550197792 0.141181148522 0.620025380343 1.20722811741 1.7709159104
285 2280 -0.914564345912 -0.133876288486 0.160081129629 0.791864588109 0.0457550197792 0.141181148522 0.620025380343 1.20722811741 1.7709159104
286 2288 -0.909197951777 -0.159551312714 0.129099867902 0.805076331348 0.0456622507002 0.138486759442 0.649740039514 1.2008792252 1.76478422019
287 2296 -0.90061063143 -0.11892945693 0.0822060539306 0.785620478076 0.0456622507002 0.138486759442 0.649740039514 1.2008792252 1.76478422019
288 2304 -0.911822012166 -0.00492473433085 0.1346535055 0.790039856375 0.0440022275438 0.140325463415 0.621956865597 1.33278069344 1.67786705338
289 2312 -0.913532900324 -0.094599324844 0.00823232263755 0.783403235137 0.0440022275438 0.140325463415 0.621956865597 1.33278069344 1.67786705338
290 2320 -0.916931719491 -0.131027300288 0.00841297181876 0.823084909769 0.0400247540373 0.149385009179 0.622975890038 1.3541418655 1.65960326182
291 2328 -0.912532500687 -0.13233972415 0.00718253038018 0.818497027486 0.0400247540373 0.149385009179 0.622975890038 1.3541418655 1.65960326182
292 2336 -0.915295296868 -0.127343645188 0.00662703356853 0.810131960182 0.0452062013658 0.153927090198 0.611326017011 1.3550358748 1.66265484368
293 2344 -0.8931090364 -0.0160801484748 0.127922597524 0.816269853145 0.0452062013658 0.153927090198 0.611326017011 1.3550358748 1.66265484368
294 2352 -0.889325157938 -0.0375966114953 0.156313334819 0.81970740329 0.0524405783541 0.149980959483 0.654232981557 1.33072150948 1.66610778991
295 2360 -0.892035446912 -0.0190243620668 0.141603340207 0.812071373615 0.0524405783541 0.149980959483 0.654232981557 1.33072150948 1.66610778991
296 2368 -0.8857812416 -0.0864136749966 0.182083689949 0.788381026514 0.0657233916528 0.144036412417 0.643892148592 1.30411005583 1.69104518301
297 2376 -0.873338414822 -0.0397147316293 0.258924257561 0.804882123088 0.0657233916528 0.144036412417 0.643892148592 1.30411005583 1.69104518301
298 2384 -0.859606982333 -0.0622462856922 0.271825668412 0.797205632296 0.0713927303347 0.165779825515 0.663924814495 1.2666325497 1.70946364461
299 2392 -0.859302815324 -0.0718087704586 0.246492401413 0.818027268246 0.0713927303347 0.165779825515 0.663924814495 1.2666325497 1.70946364461
300 2400 -0.865652439878 -0.0856632547806 0.217881278238 0.816250170268 0.0698397252494 0.186085133902 0.690459153687 1.27588079105 1.68993760235
301 2408 -0.888459107919 -0.311668009813 0.0575276178691 0.874675687211 0.0698397252494 0.186085133902 0.690459153687 1.27588079105 1.68993760235
302 2416 -0.892234718113 -0.302075069966 0.076798881538 0.859472770174 0.0631059805732 0.164410718856 0.605272724795 1.16742419861 1.79993122642
303 2424 -0.910941772341 -0.192248051686 0.0495373996303 0.81573995437 0.0631059805732 0.164410718856 0.605272724795 1.16742419861 1.79993122642
304 2432 -0.913310165322 -0.190433339654 0.0348145304303 0.82769321751 0.0586523055325 0.165977294225 0.62141809122 1.24046477028 1.744734408
305 2440 -0.910857313228 -0.236434634898 0.0842623568376 0.821980420724 0.0586523055325 0.165977294225 0.62141809122 1.24046477028 1.744734408
306 2448 -0.895984027695 -0.194736621715 0.0591306318808 0.793532829877 0.0637358200579 0.157979889181 0.625399553923 1.21294171985 1.76313013758
307 2456 -0.891825886675 -0.161673379731 0.0219826496226 0.802289088024 0.0637358200579 0.157979889181 0.625399553923 1.21294171985 1.76313013758
308 2464 -0.897619480794 -0.0288936794841 0.291800280149 0.776751680631 0.0635929905159 0.145068776413 0.598194729723 1.26799589464 1.73472201178
309 2472 -0.894593750635 -0.017819247562 0.295778923328 0.783678058654 0.0635929905159 0.145068776413 0.598194729723 1.26799589464 1.73472201178
310 2480 -0.901148198065 -0.0581123566359 0.262764537214 0.78696143401 0.0600492602382 0.152414634272 0.585295070548 1.29292886024 1.72015362929
311 2488 -0.892851455675 -0.0505451329142 0.273513636499 0.801093852718 0.0600492602382 0.152414634272 0.585295070548 1.29292886024 1.72015362929
312 2496 -0.876163229887 -0.0621518794435 0.287308578114 0.788413961894 0.0571344670268 0.195505951659 0.62666138691 1.2749040903 1.71476766421
313 2504 -0.873127879622 -0.0106479535752 0.344969894057 0.79313419095 0.0571344670268 0.195505951659 0.62666138691 1.2749040903 1.71476766421
314 2512 -0.869543385684 -0.0879827066362 0.30540640354 0.770284608011 0.0572173651509 0.216239999372 0.623653194105 1.28082740216 1.70894830091
315 2520 -0.877698047329 -0.0100725429426 0.35321066199 0.792886827024 0.0572173651509 0.216239999372 0.623653194105 1.28082740216 1.70894830091
316 2528 -0.877465674352 -0.00109752971307 0.347536608229 0.79869016166 0.0557047213998 0.21144949733 0.600675300944 1.2236993671 1.75895853729
317 2536 -0.873013794644 -0.0283775274058 0.343716662299 0.78131977414 0.0557047213998 0.21144949733 0.600675300944 1.2236993671 1.75895853729
318 2544 -0.866794944718 -0.011353784589 0.322661108703 0.791526976641 0.0520605014809 0.22367829405 0.665114065907 1.20458502506 1.74752851813
319 2552 -0.858457992756 -0.119233861149 0.233120543954 0.796684701176 0.0520605014809 0.22367829405 0.665114065907 1.20458502506 1.74752851813
320 2560 -0.867125111648 -0.0870911151271 0.296554879815 0.811162816554 0.0541670372407 0.223542303626 0.603281072856 1.2370924378 1.74721178397
321 2568 -0.854898399133 -0.10235902606 0.232657954973 0.833667403353 0.0541670372407 0.223542303626 0.603281072856 1.2370924378 1.74721178397
322 2576 -0.844884243294 -0.115693121071 0.23090852602 0.82424851125 0.0572225755279 0.229532705002 0.619462169008 1.23464541217 1.74239996601
323 2584 -0.86880271577 -0.101150664748 0.224039904412 0.774435644415 0.0572225755279 0.229532705002 0.619462169008 1.23464541217 1.74239996601
324 2592 -0.816641572649 -0.073980592415 0.15123303568 0.757531308091 0.057110686548 0.22181085397 0.726054752622 1.31775920754 1.63825928402
325 2600 -0.816557021394 -0.0688912588662 0.182405927014 0.729733702554 0.057110686548 0.22181085397 0.726054752622 1.31775920754 1.63825928402
326 2608 -0.798516784389 -0.0965394274014 0.0997258388766 0.743066990318 0.0587169847646 0.242007029238 0.809343013826 1.29412748809 1.61498694857
327 2616 -0.804726044994 -0.125221492557 0.0942656919841 0.74441124659 0.0587169847646 0.242007029238 0.809343013826 1.29412748809 1.61498694857
328 2624 -0.841112642788 -0.13660646782 0.0471854462344 0.773917095071 0.0565101742838 0.245656718577 0.768382987449 1.26622443524 1.65611673532
329 2632 -0.890637152269 -0.0955464823073 0.0390968130394 0.816160701642 0.0565101742838 0.245656718577 0.768382987449 1.26622443524 1.65611673532
330 2640 -0.896411966374 -0.142657744336 0.0823497446841 0.829570397169 0.0518358194111 0.237113960619 0.689828625928 1.22547939832 1.72146063814
331 2648 -0.888219564555 -0.157260069233 0.0902403466649 0.831561492885 0.0518358194111 0.237113960619 0.689828625928 1.22547939832 1.72146063814
332 2656 -0.868882513578 -0.127267826493 0.119516815523 0.821976094179 0.0687087091287 0.241657270928 0.715613771252 1.20508810816 1.72410569823
333 2664 -0.841954664686 -0.0370463902574 0.183726812379 0.827715410896 0.0687087091287 0.241657270928 0.715613771252 1.20508810816 1.72410569823
334 2672 -0.820418682844 -0.00353633180288 0.202694319479 0.814542583364 0.0728523639087 0.208541085892 0.704693560566 1.15615649754 1.76576110713
335 2680 -0.813850569542 -0.0340132315493 0.167226436163 0.815106819874 0.0728523639087 0.208541085892 0.704693560566 1.15615649754 1.76576110713
336 2688 -0.811412569226 -0.0961999133416 0.102843602357 0.814182439339 0.0908200147025 0.219291339331 0.738914573196 1.17887757348 1.73433444113
337 2696 -0.811161073822 -0.0645117925301 0.129215425588 0.78953541003 0.0908200147025 0.219291339331 0.738914573196 1.17887757348 1.73433444113
338 2704 -0.767495416886 -0.128793857108 0.0477732794259 0.802558474272 0.0941450583963 0.218794886897 0.830179725591 1.16333544729 1.70314936683
339 2712 -0.768640464485 -0.163699289291 0.0612731867521 0.793646007489 0.0941450583963 0.218794886897 0.830179725591 1.16333544729 1.70314936683
340 2720 -0.758913848291 -0.149342936497 0.080002817927 0.78606417702 0.102913374024 0.242833353998 0.842048820348 1.16677914766 1.69115966259
341 2728 -0.741553638835 -0.0718218689322 0.0945621165135 0.789471331876 0.102913374024 0.242833353998 0.842048820348 1.16677914766 1.69115966259
342 2736 -0.742108312083 -0.079356497715 0.113742634358 0.762261242609 0.0999002426355 0.231096554616 0.884289153446 1.14072288957 1.68920049321
343 2744 -0.750913132448 -0.0918201735483 0.155571354643 0.745315660032 0.0999002426355 0.231096554616 0.884289153446 1.14072288957 1.68920049321
344 2752 -0.747629332544 -0.0135260647556 0.167276979951 0.756311706783 0.0965688014278 0.237900561662 0.876992528782 1.11051096022 1.71222875255
345 2760 -0.768550660952 -0.0238692382197 0.15413664023 0.705294710695 0.0965688014278 0.237900561662 0.876992528782 1.11051096022 1.71222875255
346 2768 -0.786624792931 -0.00805696923707 0.127425846353 0.701888006602 0.101043825536 0.216824996133 1.02588502922 1.0897574316 1.64400903692
347 2776 -0.808457435102 -0.0147066849652 0.112193318374 0.694728400011 0.101043825536 0.216824996133 1.02588502922 1.0897574316 1.64400903692
348 2784 -0.796544109882 -0.152271288993 0.00640838834564 0.720680850682 0.0934714057983 0.216968234033 1.01552997162 1.15762115845 1.60399501619
349 2792 -0.78453382792 -0.2049164559 0.026254023386 0.688033609794 0.0934714057983 0.216968234033 1.01552997162 1.15762115845 1.60399501619
350 2800 -0.765906192833 -0.00676092871367 0.193629994089 0.68041683284 0.0969590573467 0.195749277343 1.04000156503 1.21679961559 1.54598725798
351 2808 -0.781439057633 -0.00267436125371 0.212390420491 0.698668851916 0.0969590573467 0.195749277343 1.04000156503 1.21679961559 1.54598725798
352 2816 -0.794113659252 -0.134543352756 0.00997787801602 0.683725537588 0.0928094088454 0.194147481654 1.03994780689 1.20428122165 1.55624820229
353 2824 -0.785583467887 -0.0332186703305 0.135406092049 0.658524184743 0.0928094088454 0.194147481654 1.03994780689 1.20428122165 1.55624820229
354 2832 -0.778667051324 -0.1108332773 0.0954058535738 0.652509780174 0.0981462393228 0.211724748582 1.10279922605 1.20760667422 1.50700362771
355 2840 -0.780861851596 -0.110404306218 0.125191366681 0.68371471867 0.0981462393228 0.211724748582 1.10279922605 1.20760667422 1.50700362771
356 2848 -0.769398569584 -0.112333671096 0.126603098055 0.676044449442 0.107098083009 0.209154756129 1.06321980046 1.23306314459 1.51456370812
357 2856 -0.741873073909 -0.142016600516 0.0997711045531 0.699090099642 0.107098083009 0.209154756129 1.06321980046 1.23306314459 1.51456370812
358 2864 -0.817073672584 -0.160040729282 0.151837394037 0.75944512981 0.0958940473876 0.208770300898 0.994817088964 1.21680442343 1.57383139115
359 2872 -0.833731456801 -0.19579574121 0.23457086019 0.79545375313 0.0958940473876 0.208770300898 0.994817088964 1.21680442343 1.57383139115
360 2880 -0.857347674012 -0.182983244824 0.373277115319 0.844077665778 0.0876314926109 0.186663047434 0.834297988645 1.17898710828 1.69452468052
361 2888 -0.857157323508 -0.185967670345 0.361372036671 0.845403503237 0.0876314926109 0.186663047434 0.834297988645 1.17898710828 1.69452468052
362 2896 -0.846250109276 -0.155952942435 0.328037542547 0.824569626859 0.0901084821842 0.185764184309 0.871435712652 1.17455977618 1.67880352042
363 2904 -0.842704863513 -0.108070607014 0.282523142953 0.792539451559 0.0901084821842 0.185764184309 0.871435712652 1.17455977618 1.67880352042
364 2912 -0.849271265421 -0.120009166088 0.155672972677 0.740621529169 0.0882638353359 0.194897695185 1.02198658321 1.15827979127 1.60254663978
365 2920 -0.840060440374 -0.136086412335 0.124946172973 0.728290830446 0.0882638353359 0.194897695185 1.02198658321 1.15827979127 1.60254663978
366 2928 -0.831438493227 -0.165247146568 0.130926079117 0.743609407661 0.100579103281 0.213986976166 1.04290812655 1.15101447626 1.59110079286
367 2936 -0.849850026094 -0.178115156993 0.121902824373 0.758694540142 0.100579103281 0.213986976166 1.04290812655 1.15101447626 1.59110079286
368 2944 -0.849155911572 -0.156685494269 0.117276366767 0.746557824358 0.0931214978794 0.212109567187 1.04578056969 1.13962521134 1.59810365618
369 2952 -0.844886726385 -0.125784016262 0.143441022807 0.766108214418 0.0931214978794 0.212109567187 1.04578056969 1.13962521134 1.59810365618
370 2960 -0.847914053579 -0.164446240253 0.144726488599 0.778396875494 0.0999699206563 0.230669404513 1.01528996984 1.13078811025 1.62089548326
371 2968 -0.856675263428 -0.160346557795 0.163246872454 0.791279816585 0.0999699206563 0.230669404513 1.01528996984 1.13078811025 1.62089548326
372 2976 -0.864438379465 -0.127167642078 0.255083301063 0.80927557112 0.0936262156966 0.20705958978 0.931436858315 1.13847389991 1.66873095981
373 2984 -0.849564602001 -0.136885245148 0.159173334215 0.762777007991 0.0936262156966 0.20705958978 0.931436858315 1.13847389991 1.66873095981
374 2992 -0.832446478132 -0.133232585634 0.165970819631 0.762360237498 0.0871755766303 0.21954041282 0.99796735829 1.14853733696 1.62145785125
375 3000 -0.812652230679 -0.161763615152 0.147130273369 0.760076534658 0.0871755766303 0.21954041282 0.99796735829 1.14853733696 1.62145785125
376 3008 -0.798083074035 -0.167346427542 0.0816986744894 0.726807681575 0.0925575257082 0.231819433024 1.0777237358 1.14246348337 1.57193561998
377 3016 -0.83230291985 -0.117371493308 0.192652940208 0.776991987459 0.0925575257082 0.231819433024 1.0777237358 1.14246348337 1.57193561998
378 3024 -0.84102187273 -0.129202061088 0.185337625441 0.779189200123 0.0845344420251 0.220556332711 1.00749433352 1.10476646028 1.64579921873
379 3032 -0.832291673636 -0.0764785374233 0.177346830991 0.773827371521 0.0845344420251 0.220556332711 1.00749433352 1.10476646028 1.64579921873
380 3040 -0.832075525091 -0.0808426360346 0.216081340823 0.78827042813 0.0873371513104 0.248380850543 0.9810704102 1.09746055252 1.66245612302
381 3048 -0.851527845767 -0.0659616269776 0.231602625879 0.783145844787 0.0873371513104 0.248380850543 0.9810704102 1.09746055252 1.66245612302
382 3056 -0.833810947383 -0.0672625753809 0.168251469528 0.765683647809 0.0806805147067 0.246707487742 1.01991298174 1.08186001494 1.64984317067
383 3064 -0.874189997304 -0.0872367357512 0.142415221935 0.762553073168 0.0806805147067 0.246707487742 1.01991298174 1.08186001494 1.64984317067
384 3072 -0.882730786625 -0.0711741071694 0.19963295653 0.780684607779 0.0780220726721 0.252326378889 0.934089589243 1.11647178648 1.6766667361
385 3080 -0.899181038235 -0.0169181134451 0.29303956794 0.820785460838 0.0780220726721 0.252326378889 0.934089589243 1.11647178648 1.6766667361
386 3088 -0.896652157845 -0.010582858923 0.283917337548 0.822103957517 0.0780254886446 0.237712736155 0.860913568316 1.11475393656 1.71859133217
387 3096 -0.873927524956 -0.235576129611 0.0020848778296 0.863099099438 0.0780254886446 0.237712736155 0.860913568316 1.11475393656 1.71859133217
388 3104 -0.877464245964 -0.247121046895 0.159255576271 0.844401371938 0.0695405344382 0.25246538691 0.826059075784 1.15182721398 1.70948700344
389 3112 -0.868476289088 -0.179794254321 0.119616605009 0.804211760468 0.0695405344382 0.25246538691 0.826059075784 1.15182721398 1.70948700344
390 3120 -0.84750798727 -0.287176828359 0.0722354031887 0.80821640904 0.0671169671624 0.224916874777 0.866542601883 1.19905847482 1.66020191701
391 3128 -0.860625566946 -0.258459766296 0.0740574976131 0.791481396648 0.0671169671624 0.224916874777 0.866542601883 1.19905847482 1.66020191701
392 3136 -0.861595711869 -0.235188273173 0.0675548386795 0.791061144789 0.0656199141225 0.219639989954 0.880010713097 1.21492401239 1.64225244425
393 3144 -0.830116203735 -0.263696114099 0.0566555334575 0.788038278523 0.0656199141225 0.219639989954 0.880010713097 1.21492401239 1.64225244425
394 3152 -0.825352607607 -0.309101077651 0.068610937678 0.785951877283 0.0641640362351 0.220779672089 0.943381933314 1.17564802134 1.63554931771
395 3160 -0.834259045815 -0.293273120346 0.0489139425304 0.778671269013 0.0641640362351 0.220779672089 0.943381933314 1.17564802134 1.63554931771
396 3168 -0.866849978011 -0.265678577512 0.0839934456251 0.798919200695 0.065118240688 0.213949919485 0.874600872624 1.20634050521 1.65221092654
397 3176 -0.874385705436 -0.2877829084 0.121691022604 0.810364644733 0.065118240688 0.213949919485 0.874600872624 1.20634050521 1.65221092654
398 3184 -0.867415014947 -0.29804581358 0.0544131680914 0.800516320696 0.062903158439 0.204354225997 0.92464799173 1.16521224711 1.65577445733
399 3192 -0.868043020315 -0.0165472071744 0.212587656264 0.804012201857 0.062903158439 0.204354225997 0.92464799173 1.16521224711 1.65577445733
400 3200 -0.901413857605 -0.0105284222401 0.26863182667 0.817198459793 0.0565235788014 0.182536651615 0.847898619856 1.16888565171 1.69654346232
401 3208 -0.921656057533 -0.0518295322898 0.213145548656 0.796188583394 0.0565235788014 0.182536651615 0.847898619856 1.16888565171 1.69654346232
402 3216 -0.917066053821 -0.0336504094664 0.176897032192 0.782590205753 0.0559335556614 0.176218123092 0.870240919968 1.18436578037 1.67504538743
403 3224 -0.913788246487 -0.024837365639 0.206303131892 0.789435970631 0.0559335556614 0.176218123092 0.870240919968 1.18436578037 1.67504538743
404 3232 -0.91328830017 -0.0723281560583 0.0232961613232 0.785536930725 0.0497563145755 0.167965052622 0.861103674073 1.16334389194 1.69541838548
405 3240 -0.900493587221 -0.0646653488986 0.0706025005101 0.758065891509 0.0497563145755 0.167965052622 0.861103674073 1.16334389194 1.69541838548
406 3248 -0.899084638973 -0.0367522605467 0.115179473345 0.744817993096 0.052005686818 0.158768442892 0.883263262353 1.16694988563 1.68230852221
407 3256 -0.902591787996 -0.0122397940322 0.13809234086 0.734498008076 0.052005686818 0.158768442892 0.883263262353 1.16694988563 1.68230852221
408 3264 -0.907950063037 -0.00367284096952 0.143755728987 0.720313268934 0.0506192501746 0.156826658354 0.869769235206 1.17744462758 1.68225108625
409 3272 -0.920412576888 -0.0590897548193 0.120039553899 0.721259135551 0.0506192501746 0.156826658354 0.869769235206 1.17744462758 1.68225108625
410 3280 -0.918827396357 -0.0605802126241 0.0739546354039 0.741379425051 0.0520875326168 0.156048256495 0.87078248799 1.18336863249 1.6775912401
411 3288 -0.906955852772 -0.0632007994231 0.0634768097219 0.726630490584 0.0520875326168 0.156048256495 0.87078248799 1.18336863249 1.6775912401
412 3296 -0.897442897214 -0.00347930843304 0.179982443098 0.762508507447 0.053601052155 0.144489512462 0.919004661367 1.1385203722 1.6838798955
413 3304 -0.901632683044 -0.0405023055987 0.0271190033555 0.772754377826 0.053601052155 0.144489512462 0.919004661367 1.1385203722 1.6838798955
414 3312 -0.901532706748 -0.00596204455211 0.110308988899 0.746762261356 0.0702676764494 0.155742669182 0.9068640838 1.15082673535 1.680476728
415 3320 -0.901430875136 -0.107301239521 0.0218250140278 0.779215978859 0.0702676764494 0.155742669182 0.9068640838 1.15082673535 1.680476728
416 3328 -0.886842092253 -0.0157050526656 0.122888983484 0.775339115711 0.0752757444892 0.139962135751 0.873030155863 1.1541162614 1.69722660979
417 3336 -0.881630764568 -0.027842924371 0.062745586574 0.799553225328 0.0752757444892 0.139962135751 0.873030155863 1.1541162614 1.69722660979
418 3344 -0.890696028184 -0.125609285771 0.0226306290124 0.818215397278 0.0719776600108 0.128466485705 0.862705021877 1.08974257326 1.74542738255
419 3352 -0.920520968053 -0.00265762016708 0.0331699950687 0.848549928888 0.0719776600108 0.128466485705 0.862705021877 1.08974257326 1.74542738255
420 3360 -0.926375643914 -0.100387013636 0.0168912269189 0.85725917616 0.0660170788383 0.110957698192 0.74397022168 1.14157018229 1.76823526791
421 3368 -0.936113567593 -0.169252563496 0.0446773604016 0.809735839466 0.0660170788383 0.110957698192 0.74397022168 1.14157018229 1.76823526791
422 3376 -0.931023799594 -0.149366053351 0.0776984551078 0.801248016648 0.0631541332367 0.106351024828 0.754795204846 1.21864166049 1.71169439942
423 3384 -0.932025643166 -0.112576716083 0.0641955128043 0.801395005402 0.0631541332367 0.106351024828 0.754795204846 1.21864166049 1.71169439942
424 3392 -0.929765934775 -0.218579255345 0.0961595480686 0.769757195626 0.071859864854 0.104389480475 0.72625468178 1.27313764174 1.6839280503
425 3400 -0.926260482871 -0.23872311678 0.0698932890019 0.775227764009 0.071859864854 0.104389480475 0.72625468178 1.27313764174 1.6839280503
426 3408 -0.929511741055 -0.178510915952 0.119913506947 0.782337245175 0.0740341542482 0.112532755893 0.724111259002 1.25288662851 1.69935084769
427 3416 -0.920221177261 -0.227663386225 0.0592943713248 0.785454614265 0.0740341542482 0.112532755893 0.724111259002 1.25288662851 1.69935084769
428 3424 -0.915641629889 -0.214460016511 0.0429206540576 0.78462753772 0.0752395187813 0.114505178214 0.77496028876 1.23696157706 1.68836909078
429 3432 -0.913266565878 -0.218848080354 0.0899989848015 0.75441479642 0.0752395187813 0.114505178214 0.77496028876 1.23696157706 1.68836909078
430 3440 -0.92670181182 -0.255921273461 0.0148829901564 0.721479516795 0.0683644604475 0.110182634937 0.761871626177 1.32050734634 1.63064344999
431 3448 -0.941038240699 -0.117728087721 0.0824620803532 0.790951379239 0.0683644604475 0.110182634937 0.761871626177 1.32050734634 1.63064344999
432 3456 -0.954665129399 -0.0206464949642 0.480451803804 0.774625830364 0.0586956257558 0.102813914743 0.632640343384 1.31424119024 1.69071594665
433 3464 -0.959871241324 -0.0127163590605 0.458735552112 0.787322429346 0.0586956257558 0.102813914743 0.632640343384 1.31424119024 1.69071594665
434 3472 -0.955847668754 -0.0759893553115 0.00475890466378 0.779149529702 0.0588882232718 0.110872557367 0.641320720017 1.32709078336 1.67683548388
435 3480 -0.953622489272 -0.0436608603985 0.452184967905 0.787021350004 0.0588882232718 0.110872557367 0.641320720017 1.32709078336 1.67683548388
436 3488 -0.949235471895 -0.0474017197309 0.448826597683 0.74181534062 0.0573892622632 0.109430146464 0.704762565848 1.31125774836 1.66392438493
437 3496 -0.951843461163 -0.18939866247 0.0109770081723 0.706571053225 0.0573892622632 0.109430146464 0.704762565848 1.31125774836 1.66392438493
438 3504 -0.955310125738 -0.199711718611 0.060901478184 0.688616536641 0.0518329963858 0.107654448263 0.716029260351 1.31700614905 1.65484765521
439 3512 -0.951878740664 -0.145209654522 0.0329924497273 0.678510746343 0.0518329963858 0.107654448263 0.716029260351 1.31700614905 1.65484765521
440 3520 -0.950969190077 -0.241079267791 0.0872743478656 0.701319169404 0.0549081872509 0.127463133055 0.70157324918 1.30207319575 1.67126856299
441 3528 -0.945113124184 -0.239181757866 0.142299270922 0.648537767378 0.0549081872509 0.127463133055 0.70157324918 1.30207319575 1.67126856299
442 3536 -0.940653922537 -0.212625887991 0.151752722202 0.637190122068 0.0616967599134 0.138980819741 0.773930940838 1.30606142937 1.63465968418
443 3544 -0.937701886697 -0.132932140706 0.203324523861 0.569468561972 0.0616967599134 0.138980819741 0.773930940838 1.30606142937 1.63465968418
444 3552 -0.94331503583 -0.176773963173 0.067274779355 0.490425090309 0.0638653590566 0.120263714407 0.695872614694 1.32940376419 1.65224235232
445 3560 -0.941862234412 -0.181261969489 0.0863781372061 0.461210374529 0.0638653590566 0.120263714407 0.695872614694 1.32940376419 1.65224235232
446 3568 -0.94571082028 -0.131275821582 0.0418763589431 0.425673506348 0.0588073096279 0.12380499031 0.76132295342 1.31122682966 1.63776847768
447 3576 -0.950962217706 -0.048395037051 0.309111924254 0.488153234345 0.0588073096279 0.12380499031 0.76132295342 1.31122682966 1.63776847768
448 3584 -0.950127676704 -0.0816866826997 0.299236452705 0.496070118158 0.0554848845767 0.144757323192 0.722336423242 1.30346246373 1.65987422484
449 3592 -0.95344069439 -0.0576964677456 0.320493901834 0.520530361297 0.0554848845767 0.144757323192 0.722336423242 1.30346246373 1.65987422484
450 3600 -0.950043964272 -0.0701667618176 0.2996697849 0.502803733746 0.0608612044611 0.150677902529 0.712976943755 1.30394848752 1.66282118794
451 3608 -0.948079862465 -0.162782584736 0.267422102653 0.537147252987 0.0608612044611 0.150677902529 0.712976943755 1.30394848752 1.66282118794
452 3616 -0.951763001364 -0.151959412792 0.237215115389 0.556487744329 0.0597383041038 0.146878541064 0.670556086669 1.31121619553 1.67508944609
453 3624 -0.957078252583 -0.0939480453582 0.375278290295 0.62388881312 0.0597383041038 0.146878541064 0.670556086669 1.31121619553 1.67508944609
454 3632 -0.951340406384 -0.0713852968845 0.390815169618 0.56954800913 0.0602721534784 0.125499161971 0.658677807138 1.27320720292 1.71046899787
455 3640 -0.956790332764 -0.0892870058507 0.393814585979 0.528224686031 0.0602721534784 0.125499161971 0.658677807138 1.27320720292 1.71046899787
456 3648 -0.960321347394 -0.0994016774462 0.389065824439 0.504160993345 0.0540284578498 0.136464100086 0.704911101172 1.27229871917 1.69198545614
457 3656 -0.954312036767 -0.126152172784 0.416618129193 0.478400542985 0.0540284578498 0.136464100086 0.704911101172 1.27229871917 1.69198545614
458 3664 -0.958994183234 -0.143095166886 0.440346831181 0.457551672558 0.0490602201998 0.14003970099 0.772947408163 1.23554058242 1.68937081493
459 3672 -0.959185450788 -0.191214555133 0.363670854319 0.479447031787 0.0490602201998 0.14003970099 0.772947408163 1.23554058242 1.68937081493
460 3680 -0.95758767593 -0.0641998008123 0.271317544158 0.406811671804 0.0472192056224 0.138603589195 0.870209205423 1.27100839322 1.61425927126
461 3688 -0.952830049751 -0.058589346176 0.209651511332 0.405702860015 0.0472192056224 0.138603589195 0.870209205423 1.27100839322 1.61425927126
462 3696 -0.95837096081 -0.124775814913 0.232905075759 0.510886183368 0.0489954171225 0.143428366001 0.883002907488 1.28768719751 1.5934852681
463 3704 -0.960720110002 -0.137146756158 0.242002749019 0.505509971771 0.0489954171225 0.143428366001 0.883002907488 1.28768719751 1.5934852681
464 3712 -0.956798002852 -0.160229530707 0.160785156829 0.409218200621 0.0468976856244 0.146405805846 0.960434540659 1.25276890853 1.57623015516
465 3720 -0.947664819473 -0.055390799963 0.131403987893 0.365369520496 0.0468976856244 0.146405805846 0.960434540659 1.25276890853 1.57623015516
466 3728 -0.943833200303 -0.0707575639446 0.10288484522 0.348323162028 0.046185686492 0.153931103666 0.987475143971 1.28521235535 1.53208816306
467 3736 -0.947524356496 -0.103680488254 0.156913048622 0.370351697855 0.046185686492 0.153931103666 0.987475143971 1.28521235535 1.53208816306
468 3744 -0.947416469129 -0.155049350967 0.13979322047 0.418693142029 0.0463499824498 0.159973973453 0.966813617364 1.30368003959 1.52903557532
469 3752 -0.953590032641 -0.152741079577 0.113447280075 0.417158022672 0.0463499824498 0.159973973453 0.966813617364 1.30368003959 1.52903557532
470 3760 -0.953241797717 -0.104138360178 0.0501930509601 0.455955255719 0.0474283008541 0.18700229937 0.991073059499 1.31005142063 1.50476581645
471 3768 -0.95231704193 -0.149246602598 0.091660390855 0.471943717748 0.0474283008541 0.18700229937 0.991073059499 1.31005142063 1.50476581645
472 3776 -0.961228486952 -0.149550802945 0.105583060342 0.431141717967 0.042159231856 0.209749741847 0.978938495194 1.25447104129 1.55634490848
473 3784 -0.96605137142 -0.143444548484 0.179517126844 0.435696309359 0.042159231856 0.209749741847 0.978938495194 1.25447104129 1.55634490848
474 3792 -0.967913825641 -0.142579704497 0.167312909153 0.461907295958 0.0427993110958 0.204523361818 0.948016919284 1.24497640465 1.58355173141
475 3800 -0.968786428715 -0.202840873926 0.166816131161 0.449134856805 0.0427993110958 0.204523361818 0.948016919284 1.24497640465 1.58355173141
476 3808 -0.966439817711 -0.269557615276 0.176701810396 0.474409425924 0.0430152526383 0.216619031057 0.949548431398 1.22670617229 1.59523528883
477 3816 -0.964555486434 -0.288334010737 0.217623398872 0.509917343036 0.0430152526383 0.216619031057 0.949548431398 1.22670617229 1.59523528883
478 3824 -0.963394254821 -0.291756346478 0.172910760173 0.503672474382 0.0437527320646 0.221368818751 0.95012351066 1.22356388701 1.59663341861
479 3832 -0.960770814335 -0.270218250021 0.156561061135 0.516925972373 0.0437527320646 0.221368818751 0.95012351066 1.22356388701 1.59663341861
480 3840 -0.966049100256 -0.202503486834 0.0563165555773 0.522975341959 0.0383352970992 0.204559200446 0.990704400985 1.23189872093 1.56767862451
481 3848 -0.967581555383 -0.190222111746 0.0393835689319 0.479954961652 0.0383352970992 0.204559200446 0.990704400985 1.23189872093 1.56767862451
482 3856 -0.96580251624 -0.194934533783 0.0211418248495 0.475853260152 0.0404532591186 0.20904172194 1.00593986089 1.22543524147 1.56238873446
483 3864 -0.965463488854 -0.248145334067 0.0755096847938 0.538515162109 0.0404532591186 0.20904172194 1.00593986089 1.22543524147 1.56238873446
484 3872 -0.967565635997 -0.205519902397 0.0351026350568 0.563365463377 0.04105030341 0.210927554528 1.00459812881 1.22441738954 1.56378038583
485 3880 -0.961173530936 -0.00410967005765 0.28727468084 0.52023637612 0.04105030341 0.210927554528 1.00459812881 1.22441738954 1.56378038583
486 3888 -0.9521770867 -0.138130635511 0.00435709414754 0.52626473916 0.0469402339876 0.183881452838 1.00402456265 1.28666960243 1.51670703747
487 3896 -0.957644382276 -0.166371404632 0.010112170295 0.520729446526 0.0469402339876 0.183881452838 1.00402456265 1.28666960243 1.51670703747
488 3904 -0.955013644246 -0.0287841720129 0.298614588737 0.47102121578 0.0432409802575 0.186352175425 0.997008938605 1.30358333828 1.50666742875
489 3912 -0.942220577879 -0.0738090728515 0.0340787796755 0.459242071372 0.0432409802575 0.186352175425 0.997008938605 1.30358333828 1.50666742875
490 3920 -0.933466708104 -0.118545900185 0.111489403111 0.441706256276 0.045595596201 0.171474745395 0.929636068346 1.39328340675 1.47073300847
491 3928 -0.929380324936 -0.0791817880076 0.161107169637 0.439429723825 0.045595596201 0.171474745395 0.929636068346 1.39328340675 1.47073300847
492 3936 -0.93151156367 -0.0289697536617 0.158054123999 0.4266715023 0.0480455238896 0.172072965407 0.927126143471 1.38521157887 1.4797663728
493 3944 -0.946596917278 -0.111107451884 0.0394460299921 0.398556664961 0.0480455238896 0.172072965407 0.927126143471 1.38521157887 1.4797663728
494 3952 -0.94102682841 -0.0541165280092 0.260389774676 0.411488643455 0.0456550911369 0.17076918397 0.841689090263 1.39368304819 1.52248498678
495 3960 -0.938299812879 -0.0543294702016 0.240446892237 0.401657709715 0.0456550911369 0.17076918397 0.841689090263 1.39368304819 1.52248498678
496 3968 -0.941850350252 -0.0936626176423 0.187135847424 0.500278617603 0.0443897582317 0.173809438544 0.840052419237 1.43987492217 1.47949044265
497 3976 -0.934211658884 -0.114366408224 0.0991857103174 0.506648168216 0.0443897582317 0.173809438544 0.840052419237 1.43987492217 1.47949044265
498 3984 -0.939010075018 -0.0479975631731 0.288670335477 0.580796656998 0.044995797575 0.185671469385 0.85794894178 1.3296608176 1.56825610379
499 3992 -0.93458238189 -0.115337777558 0.30959515607 0.608931285453 0.044995797575 0.185671469385 0.85794894178 1.3296608176 1.56825610379
500 4000 -0.947032591525 -0.0133169082384 0.393729894714 0.65628642704 0.0398371013213 0.184295816116 0.791341164371 1.26369092484 1.65569093298
501 4008 -0.956544364097 -0.0577431402492 0.148764155018 0.723171383597 0.0398371013213 0.184295816116 0.791341164371 1.26369092484 1.65569093298
502 4016 -0.958909724046 -0.0358782007483 0.126855885019 0.730113544501 0.0332384805359 0.170818135673 0.791297464153 1.18925682341 1.71150018964
503 4024 -0.958333983952 -0.062676547377 0.123574598031 0.719297634241 0.0332384805359 0.170818135673 0.791297464153 1.18925682341 1.71150018964
504 4032 -0.959026407688 -0.0476750627749 0.163354742212 0.731828244201 0.0327599273047 0.180400329167 0.779480336285 1.18547691196 1.71855677967
505 4040 -0.949399145492 -0.0574528007461 0.0879660466763 0.710112803383 0.0327599273047 0.180400329167 0.779480336285 1.18547691196 1.71855677967
506 4048 -0.943589400728 -0.0424109369286 0.115022724187 0.722368944443 0.0354805519054 0.164858039282 0.706350173088 1.21243283516 1.73281245683
507 4056 -0.931030640678 -0.0386235370358 0.0984474039046 0.711037603639 0.0354805519054 0.164858039282 0.706350173088 1.21243283516 1.73281245683
508 4064 -0.92081786911 -0.0798901496502 0.0876641222103 0.691321752205 0.0344631575156 0.174309242062 0.665271498711 1.23853504891 1.72970325332
509 4072 -0.921941295951 -0.107015671116 0.125748223901 0.681810736496 0.0344631575156 0.174309242062 0.665271498711 1.23853504891 1.72970325332
510 4080 -0.919794225428 -0.122823331077 0.0982887545204 0.638809249556 0.0338359889565 0.175370921706 0.655464267206 1.29622910432 1.69063800655
511 4088 -0.918154312217 -0.0862538858038 0.0725579471746 0.617160252445 0.0338359889565 0.175370921706 0.655464267206 1.29622910432 1.69063800655
512 4096 -0.913489503689 -0.137791595466 0.084090401408 0.644374055039 0.0342640053099 0.182940596586 0.699711735742 1.28164886501 1.68319291519
513 4104 -0.918844641649 -0.143671334633 0.181074330998 0.667143259558 0.0342640053099 0.182940596586 0.699711735742 1.28164886501 1.68319291519
514 4112 -0.920062448166 -0.137851544523 0.160034749169 0.670385596938 0.0347113422741 0.212842310582 0.730695312225 1.2379576998 1.69912870841
515 4120 -0.916806944954 -0.124406792484 0.144117553285 0.677095077807 0.0347113422741 0.212842310582 0.730695312225 1.2379576998 1.69912870841
516 4128 -0.926338776332 -0.122381766633 0.193545422977 0.689148030116 0.0412973625425 0.225020744524 0.724844435077 1.22063815088 1.71239692885
517 4136 -0.927563974974 -0.128902435851 0.184003757327 0.678682551738 0.0412973625425 0.225020744524 0.724844435077 1.22063815088 1.71239692885
518 4144 -0.920599836791 -0.111623927172 0.159381630152 0.67596253548 0.0457218363614 0.254401291104 0.718122324459 1.22920291196 1.70486070549
519 4152 -0.924184438298 -0.0948968550395 0.1915371543 0.646714688809 0.0457218363614 0.254401291104 0.718122324459 1.22920291196 1.70486070549
520 4160 -0.929591228165 -0.0287639588241 0.230169937024 0.644671985585 0.0478290460252 0.261100578495 0.73689982184 1.26220711143 1.67133202288
521 4168 -0.9274821398 -0.276589779842 0.0109057424653 0.623814820935 0.0478290460252 0.261100578495 0.73689982184 1.26220711143 1.67133202288
522 4176 -0.932681868027 -0.265278397154 0.0175314259212 0.645233044915 0.0497239252206 0.263113041411 0.695293667619 1.28545264106 1.6710706993
523 4184 -0.932326321978 -0.0300595237113 0.248867221555 0.662839518062 0.0497239252206 0.263113041411 0.695293667619 1.28545264106 1.6710706993
524 4192 -0.935352734817 -0.0879496909286 0.303694463608 0.688422941268 0.044851644218 0.245417587006 0.643192910854 1.23166413704 1.73408906085
525 4200 -0.936799540294 -0.259071582907 0.00769619598585 0.655443714777 0.044851644218 0.245417587006 0.643192910854 1.23166413704 1.73408906085
526 4208 -0.934651677309 -0.0083558286257 0.251391371814 0.66084062054 0.0455426790181 0.255000431203 0.673356854825 1.26786283923 1.69470204208
527 4216 -0.939058982661 -0.0112877798762 0.249360568856 0.683279139985 0.0455426790181 0.255000431203 0.673356854825 1.26786283923 1.69470204208
528 4224 -0.946380831588 -0.256318282128 0.0503514573092 0.643022524106 0.0436400616858 0.254273622078 0.675768350775 1.28347668617 1.68210142449
529 4232 -0.947879503406 -0.298962989773 0.0958015301139 0.620625764018 0.0436400616858 0.254273622078 0.675768350775 1.28347668617 1.68210142449
530 4240 -0.950824359109 -0.313910171464 0.184543317291 0.563965430418 0.0411688625728 0.269625661475 0.719375228072 1.34134670889 1.61520754555
531 4248 -0.954128259917 -0.338758442103 0.180833236858 0.576186698141 0.0411688625728 0.269625661475 0.719375228072 1.34134670889 1.61520754555
532 4256 -0.955616829668 -0.3465511341 0.167176090785 0.576952278591 0.0407544435858 0.268591623191 0.760756816288 1.32647612156 1.6086975417
533 4264 -0.947500863441 -0.261242738963 0.118933408972 0.524248638646 0.0407544435858 0.268591623191 0.760756816288 1.32647612156 1.6086975417
534 4272 -0.944601225464 -0.178331486097 0.0248770603123 0.458346702266 0.039559575525 0.275635348204 0.7548144286 1.42053524619 1.52800359539
535 4280 -0.948470536499 -0.302225976153 0.160599416474 0.559517236467 0.039559575525 0.275635348204 0.7548144286 1.42053524619 1.52800359539
536 4288 -0.948437480471 -0.213323504593 0.088946994132 0.615883041255 0.0406074676739 0.299711884082 0.789799560938 1.25780035111 1.64398258823
537 4296 -0.952783440482 -0.128178626914 0.0110483261009 0.669942095197 0.0406074676739 0.299711884082 0.789799560938 1.25780035111 1.64398258823
538 4304 -0.951772883315 -0.174650925041 0.0781107728835 0.650317172305 0.0363651032777 0.290045198049 0.794575231889 1.21799032638 1.67323074561
539 4312 -0.95346431613 -0.20320498761 0.107805409786 0.629493574992 0.0363651032777 0.290045198049 0.794575231889 1.21799032638 1.67323074561
540 4320 -0.95748092506 -0.210719963856 0.13800968383 0.63096494935 0.0341864843411 0.282356267955 0.78082489036 1.23912039559 1.66553275502
541 4328 -0.956423965716 -0.262254153565 0.137939097144 0.625629966188 0.0341864843411 0.282356267955 0.78082489036 1.23912039559 1.66553275502
542 4336 -0.957906735469 -0.205401108953 0.118167348678 0.653612813463 0.0338031420226 0.279539565316 0.727066298983 1.21621746721 1.70672336609
543 4344 -0.951339308428 -0.212280143977 0.125826668491 0.641923001397 0.0338031420226 0.279539565316 0.727066298983 1.21621746721 1.70672336609
544 4352 -0.953836350867 -0.196177679608 0.118716189052 0.680374311108 0.0325355186213 0.270322325962 0.716191178309 1.2036657487 1.72166380041
545 4360 -0.952172002541 -0.207060637037 0.120056688418 0.670169627453 0.0325355186213 0.270322325962 0.716191178309 1.2036657487 1.72166380041
546 4368 -0.956256688771 -0.224961103361 0.147457539894 0.62783498053 0.0340023326845 0.268808268235 0.721069767586 1.24451104006 1.69051371415
547 4376 -0.95351137107 -0.257607323146 0.173388497426 0.609078090818 0.0340023326845 0.268808268235 0.721069767586 1.24451104006 1.69051371415
548 4384 -0.94874419218 -0.271536186743 0.184436892042 0.637377175498 0.0319678964636 0.268098410626 0.716276978239 1.24674569522 1.69105699422
549 4392 -0.953064126439 -0.272170758886 0.154688873731 0.642771666608 0.0319678964636 0.268098410626 0.716276978239 1.24674569522 1.69105699422
550 4400 -0.944761963601 -0.273740837773 0.121499251555 0.65051936742 0.0329044837778 0.301272022034 0.762028848152 1.22719887818 1.67971646764
551 4408 -0.942642748318 -0.311126231922 0.116357792916 0.651414795184 0.0329044837778 0.301272022034 0.762028848152 1.22719887818 1.67971646764
552 4416 -0.941673504061 -0.304381996236 0.114077058393 0.646661472546 0.0370987405823 0.30236718359 0.77652556953 1.23900862114 1.66405031364
553 4424 -0.950707534764 -0.239097501203 0.155536501628 0.685039580023 0.0370987405823 0.30236718359 0.77652556953 1.23900862114 1.66405031364
554 4432 -0.952690058425 -0.285619717931 0.16821141206 0.655098616465 0.0331470078663 0.275643384646 0.758905385448 1.24529025337 1.67219520426
555 4440 -0.944763426916 -0.29467125205 0.133807783296 0.617424726839 0.0331470078663 0.275643384646 0.758905385448 1.24529025337 1.67219520426
556 4448 -0.943890329956 -0.258261446311 0.0524654202792 0.645184261381 0.0365011934963 0.307718503816 0.835321496972 1.20897623366 1.65668085292
557 4456 -0.960209739876 -0.1475241249 0.367583803806 0.680026756521 0.0365011934963 0.307718503816 0.835321496972 1.20897623366 1.65668085292
558 4464 -0.965419640368 -0.072097141504 0.270617063221 0.607765353684 0.0302170691723 0.269346573096 0.714187188034 1.21681700886 1.71342708619
559 4472 -0.963884815472 -0.0361007241046 0.265182676463 0.606551278609 0.0302170691723 0.269346573096 0.714187188034 1.21681700886 1.71342708619
560 4480 -0.968827926936 -0.0465875695824 0.266305187849 0.584628029237 0.0292303913263 0.246229688237 0.675594414746 1.24347710068 1.71343322359
561 4488 -0.97042192539 -0.0599363750098 0.254942359188 0.598610789287 0.0292303913263 0.246229688237 0.675594414746 1.24347710068 1.71343322359
562 4496 -0.963814519984 -0.0471162802949 0.180392278703 0.593977505048 0.0275831281675 0.225653514819 0.763831241483 1.2414596464 1.68037479247
563 4504 -0.964706468317 -0.0497669679682 0.19113800295 0.606653585625 0.0275831281675 0.225653514819 0.763831241483 1.2414596464 1.68037479247
564 4512 -0.960018184638 -0.286310752057 0.0483337935938 0.554662595359 0.0271443305028 0.220281728971 0.762507275317 1.30046771566 1.63649183341
565 4520 -0.957964843414 -0.00706923566598 0.122675902757 0.538353995494 0.0271443305028 0.220281728971 0.762507275317 1.30046771566 1.63649183341
566 4528 -0.961880998663 -0.079652054952 0.178871533275 0.576245591348 0.0265325830986 0.246043471632 0.775769256728 1.23311467582 1.67820406647
567 4536 -0.970058025193 -0.0787677188702 0.257216872473 0.622241502167 0.0265325830986 0.246043471632 0.775769256728 1.23311467582 1.67820406647
568 4544 -0.974354513604 -0.100499394211 0.319468803043 0.62792929544 0.0229453939244 0.237112587473 0.715474094118 1.18887805669 1.73721527645
569 4552 -0.974044477254 -0.284987370144 0.0745199642107 0.703349043917 0.0229453939244 0.237112587473 0.715474094118 1.18887805669 1.73721527645
570 4560 -0.972226011968 -0.286907835271 0.075572080912 0.71337758806 0.0212975956083 0.187139559286 0.639144803243 1.19758311466 1.76686553018
571 4568 -0.971106697524 -0.275217008314 0.0631269918899 0.704162513822 0.0212975956083 0.187139559286 0.639144803243 1.19758311466 1.76686553018
572 4576 -0.970021273144 -0.306343354343 0.0325219830687 0.68527853073 0.0235620912242 0.197360942739 0.64003245973 1.20751392888 1.75862504479
573 4584 -0.964978753714 -0.0241050969976 0.388389897128 0.65900330601 0.0235620912242 0.197360942739 0.64003245973 1.20751392888 1.75862504479
574 4592 -0.966232765574 -0.011776633995 0.364025417463 0.660984216882 0.0223274109927 0.192613126758 0.69340366706 1.20847340226 1.73815564915
575 4600 -0.965836348203 -0.0442964857402 0.357066846898 0.680237915417 0.0223274109927 0.192613126758 0.69340366706 1.20847340226 1.73815564915
576 4608 -0.962521564895 -0.00672306068415 0.344175519079 0.672376543122 0.0247050231181 0.218633343924 0.697915453235 1.20700751939 1.73425372741
577 4616 -0.957207737629 -0.0101848438411 0.323998096142 0.664226962318 0.0247050231181 0.218633343924 0.697915453235 1.20700751939 1.73425372741
578 4624 -0.959278232075 -0.0970427455052 0.374663107899 0.655598180963 0.0251187283688 0.214242261876 0.716040000756 1.18983755914 1.73926496052
579 4632 -0.958210789949 -0.142825733064 0.421219742746 0.642193243794 0.0251187283688 0.214242261876 0.716040000756 1.18983755914 1.73926496052
580 4640 -0.95811271169 -0.145631929847 0.447706796646 0.623588692327 0.0256759604741 0.201207046478 0.687401699503 1.14981471316 1.7788371197
581 4648 -0.959091473089 -0.184765569529 0.442116526158 0.61325373784 0.0256759604741 0.201207046478 0.687401699503 1.14981471316 1.7788371197
582 4656 -0.960999242558 -0.237562894532 0.471288514197 0.587881159635 0.0265023134296 0.211266675177 0.698327666908 1.17001959419 1.76012972197
583 4664 -0.961208890518 -0.236436340958 0.461023937748 0.579832296671 0.0265023134296 0.211266675177 0.698327666908 1.17001959419 1.76012972197
584 4672 -0.972809194625 -0.148157835373 0.471899793356 0.618942863743 0.0233843968636 0.210857059363 0.669121042228 1.14971599629 1.78477523213
585 4680 -0.973006530501 -0.164890380938 0.345411405221 0.660048541689 0.0233843968636 0.210857059363 0.669121042228 1.14971599629 1.78477523213
586 4688 -0.974805523398 -0.132803147011 0.365809879679 0.673744312583 0.020502986416 0.207318235783 0.664153341837 1.19588772534 1.7565169124
587 4696 -0.978089442729 -0.0590541047466 0.421842362518 0.701268230433 0.020502986416 0.207318235783 0.664153341837 1.19588772534 1.7565169124
588 4704 -0.978163371349 -0.0854825599811 0.424277200516 0.68369600709 0.0174161686217 0.215098386886 0.610033279655 1.17544818953 1.78874545771
589 4712 -0.977244690196 -0.15136145871 0.387044519658 0.646976295076 0.0174161686217 0.215098386886 0.610033279655 1.17544818953 1.78874545771
590 4720 -0.976619484376 -0.146496772542 0.397641602774 0.634673546344 0.0222128284562 0.233707858163 0.640055601506 1.20039379805 1.7590539457
591 4728 -0.98010402499 -0.140768202137 0.32477144434 0.587047340531 0.0222128284562 0.233707858163 0.640055601506 1.20039379805 1.7590539457
592 4736 -0.976221073198 -0.149139193612 0.214189300998 0.56465669639 0.0205947256257 0.211978646511 0.772575469419 1.21415777043 1.69811335407
593 4744 -0.980795373453 -0.107731438817 0.0921395697314 0.633047784779 0.0205947256257 0.211978646511 0.772575469419 1.21415777043 1.69811335407
594 4752 -0.982110216317 -0.0517743427566 0.516913071937 0.519203176125 0.0164368230789 0.211842278098 0.903514017681 1.23758161538 1.61459185096
595 4760 -0.984305559782 -0.0988696724381 0.00342914639899 0.602077100523 0.0164368230789 0.211842278098 0.903514017681 1.23758161538 1.61459185096
596 4768 -0.983450974749 -0.092841883306 0.0752765569782 0.634846362776 0.0144296096292 0.201767225969 0.893475743733 1.17247400395 1.66915774519
597 4776 -0.981463124173 -0.000743298236767 0.456962594211 0.576487129454 0.0144296096292 0.201767225969 0.893475743733 1.17247400395 1.66915774519
598 4784 -0.980452308966 -0.20628627789 0.0273480227454 0.584303071127 0.0143933307697 0.179222524007 0.832313559492 1.2893661596 1.61631097382
599 4792 -0.979291571518 -0.0912470581468 0.0301755246199 0.565454892315 0.0143933307697 0.179222524007 0.832313559492 1.2893661596 1.61631097382
600 4800 -0.97994242188 -0.0650672810209 0.0232451479006 0.558630424622 0.0134342973389 0.214285980812 0.925385137116 1.28059315914 1.56768764327
601 4808 -0.979811986207 -0.196706695638 0.0199518773814 0.48293030292 0.0134342973389 0.214285980812 0.925385137116 1.28059315914 1.56768764327
602 4816 -0.979471941826 -0.203263765205 0.0228060181327 0.476149779891 0.014010269728 0.20981774001 0.918367248869 1.34223189744 1.52013004642
603 4824 -0.977483419891 -0.263944708224 0.0519230288119 0.457993727628 0.014010269728 0.20981774001 0.918367248869 1.34223189744 1.52013004642
604 4832 -0.980284461982 -0.272339143018 0.0380758467173 0.499513952944 0.0134565809514 0.196409192807 0.96150971 1.31061257174 1.52283817715
605 4840 -0.982909062684 -0.0279286482067 0.0311865419806 0.523861290753 0.0134565809514 0.196409192807 0.96150971 1.31061257174 1.52283817715
606 4848 -0.981967583886 -0.0215314507725 0.0138910689689 0.493181854797 0.0135615903182 0.222168926254 0.968738719952 1.28926625437 1.53290406395
607 4856 -0.982121623674 -0.00769854560809 0.0728202043205 0.483179694517 0.0135615903182 0.222168926254 0.968738719952 1.28926625437 1.53290406395
608 4864 -0.985713285459 -0.0956371590054 0.13375948595 0.537520701262 0.0125956709711 0.215854171921 1.04410973545 1.23566332967 1.52846960113
609 4872 -0.985791418441 -0.128560349608 0.159396951954 0.522533851805 0.0125956709711 0.215854171921 1.04410973545 1.23566332967 1.52846960113
610 4880 -0.985599279027 -0.158448178957 0.170278298546 0.502131666968 0.0130986533906 0.223931752003 1.07966750481 1.20548512985 1.52669796505
610 4880 -0.985599279027 -0.158448178957 0.170278298546 0.502131666968 0.0130986533906 0.223931752003 1.07966750481 1.20548512985 1.52669796505
