1498.00000 2518.00000 1845.00000 2248.00000 2381.00000 1712.00000 2048.00000 2048.00000 2052.00000 2044.00000 1026.00000 3070.00000 3421.00000 675.00000 2666.00000 1430.00000 2057.00000 2039.00000 2048.00000 2048.00000
1498.00000 2518.00000 1845.00000 2248.00000 2381.00000 1712.00000 2048.00000 2048.00000 2052.00000 2044.00000 1032.00000 3063.00000 3413.00000 682.00000 2663.00000 1432.00000 2057.00000 2039.00000 2048.00000 2048.00000
1498.00000 2518.00000 1845.00000 2248.00000 2381.00000 1712.00000 2048.00000 2048.00000 2052.00000 2044.00000 1038.00000 3057.00000 3405.00000 690.00000 2660.00000 1435.00000 2057.00000 2039.00000 2048.00000 2048.00000
1498.00000 2518.00000 1845.00000 2248.00000 2381.00000 1712.00000 2048.00000 2048.00000 2052.00000 2044.00000 1044.00000 3051.00000 3397.00000 698.00000 2657.00000 1438.00000 2057.00000 2039.00000 2048.00000 2048.00000
1498.00000 2518.00000 1845.00000 2248.00000 2381.00000 1712.00000 2048.00000 2048.00000 2052.00000 2044.00000 1050.00000 3045.00000 3389.00000 706.00000 2654.00000 1441.00000 2057.00000 2039.00000 2048.00000 2048.00000
1498.00000 2518.00000 1845.00000 2248.00000 2381.00000 1712.00000 2048.00000 2048.00000 2052.00000 2044.00000 1056.00000 3039.00000 3382.00000 713.00000 2652.00000 1443.00000 2057.00000 2039.00000 2048.00000 2048.00000
1498.00000 2518.00000 1845.00000 2248.00000 2381.00000 1712.00000 2048.00000 2048.00000 2052.00000 2044.00000 1063.00000 3032.00000 3374.00000 721.00000 2649.00000 1446.00000 2057.00000 2039.00000 2048.00000 2048.00000
1498.00000 2518.00000 1845.00000 2248.00000 2381.00000 1712.00000 2048.00000 2048.00000 2052.00000 2044.00000 1069.00000 3026.00000 3366.00000 729.00000 2646.00000 1449.00000 2057.00000 2039.00000 2048.00000 2048.00000
1498.00000 2518.00000 1845.00000 2248.00000 2381.00000 1712.00000 2048.00000 2048.00000 2052.00000 2044.00000 1075.00000 3020.00000 3358.00000 737.00000 2643.00000 1452.00000 2057.00000 2039.00000 2048.00000 2048.00000
1498.00000 2518.00000 1845.00000 2248.00000 2381.00000 1712.00000 2048.00000 2048.00000 2052.00000 2044.00000 1081.00000 3014.00000 3351.00000 744.00000 2640.00000 1455.00000 2057.00000 2039.00000 2048.00000 2048.00000
1498.00000 2518.00000 1845.00000 2248.00000 2381.00000 1712.00000 2048.00000 2048.00000 2052.00000 2044.00000 1087.00000 3008.00000 3343.00000 752.00000 2638.00000 1457.00000 2057.00000 2039.00000 2048.00000 2048.00000
1498.00000 2518.00000 1845.00000 2248.00000 2381.00000 1712.00000 2048.00000 2048.00000 2052.00000 2044.00000 1093.00000 3002.00000 3335.00000 760.00000 2635.00000 1460.00000 2057.00000 2039.00000 2048.00000 2048.00000
1498.00000 2518.00000 1845.00000 2248.00000 2381.00000 1712.00000 2048.00000 2048.00000 2052.00000 2044.00000 1100.00000 2995.00000 3327.00000 768.00000 2632.00000 1463.00000 2057.00000 2039.00000 2048.00000 2048.00000
1498.00000 2518.00000 1845.00000 2248.00000 2381.00000 1712.00000 2048.00000 2048.00000 2052.00000 2044.00000 1106.00000 2989.00000 3320.00000 775.00000 2629.00000 1466.00000 2057.00000 2039.00000 2048.00000 2048.00000
1498.00000 2518.00000 1845.00000 2248.00000 2381.00000 1712.00000 2048.00000 2048.00000 2052.00000 2044.00000 1112.00000 2983.00000 3312.00000 783.00000 2626.00000 1469.00000 2057.00000 2039.00000 2048.00000 2048.00000
1498.00000 2518.00000 1845.00000 2248.00000 2381.00000 1712.00000 2048.00000 2048.00000 2052.00000 2044.00000 1118.00000 2977.00000 3304.00000 791.00000 2624.00000 1471.00000 2057.00000 2039.00000 2048.00000 2048.00000
1498.00000 2518.00000 1845.00000 2248.00000 2381.00000 1712.00000 2048.00000 2048.00000 2052.00000 2044.00000 1124.00000 2971.00000 3296.00000 799.00000 2621.00000 1474.00000 2057.00000 2039.00000 2048.00000 2048.00000
1498.00000 2518.00000 1845.00000 2248.00000 2381.00000 1712.00000 2048.00000 2048.00000 2052.00000 2044.00000 1130.00000 2965.00000 3289.00000 806.00000 2618.00000 1477.00000 2057.00000 2039.00000 2048.00000 2048.00000
1498.00000 2518.00000 1845.00000 2248.00000 2381.00000 1712.00000 2048.00000 2048.00000 2052.00000 2044.00000 1137.00000 2958.00000 3281.00000 814.00000 2615.00000 1480.00000 2057.00000 2039.00000 2048.00000 2048.00000
1498.00000 2518.00000 1845.00000 2248.00000 2381.00000 1712.00000 2048.00000 2048.00000 2052.00000 2044.00000 1143.00000 2952.00000 3273.00000 822.00000 2612.00000 1483.00000 2057.00000 2039.00000 2048.00000 2048.00000
1498.00000 2518.00000 1845.00000 2248.00000 2381.00000 1712.00000 2048.00000 2048.00000 2052.00000 2044.00000 1149.00000 2946.00000 3265.00000 830.00000 2610.00000 1485.00000 2057.00000 2039.00000 2048.00000 2048.00000
1498.00000 2518.00000 1845.00000 2248.00000 2381.00000 1712.00000 2048.00000 2048.00000 2052.00000 2044.00000 1155.00000 2940.00000 3258.00000 837.00000 2607.00000 1488.00000 2057.00000 2039.00000 2048.00000 2048.00000
1498.00000 2518.00000 1845.00000 2248.00000 2381.00000 1712.00000 2048.00000 2048.00000 2052.00000 2044.00000 1161.00000 2934.00000 3250.00000 845.00000 2604.00000 1491.00000 2057.00000 2039.00000 2048.00000 2048.00000
1498.00000 2518.00000 1845.00000 2248.00000 2381.00000 1712.00000 2048.00000 2048.00000 2052.00000 2044.00000 1167.00000 2928.00000 3242.00000 853.00000 2601.00000 1494.00000 2057.00000 2039.00000 2048.00000 2048.00000
1498.00000 2518.00000 1845.00000 2248.00000 2381.00000 1712.00000 2048.00000 2048.00000 2052.00000 2044.00000 1174.00000 2921.00000 3234.00000 861.00000 2598.00000 1497.00000 2057.00000 2039.00000 2048.00000 2048.00000
1498.00000 2518.00000 1845.00000 2248.00000 2381.00000 1712.00000 2048.00000 2048.00000 2052.00000 2044.00000 1180.00000 2915.00000 3227.00000 868.00000 2596.00000 1499.00000 2057.00000 2039.00000 2048.00000 2048.00000
1498.00000 2518.00000 1845.00000 2248.00000 2381.00000 1712.00000 2048.00000 2048.00000 2052.00000 2044.00000 1186.00000 2909.00000 3219.00000 876.00000 2593.00000 1502.00000 2057.00000 2039.00000 2048.00000 2048.00000
1498.00000 2518.00000 1845.00000 2248.00000 2381.00000 1712.00000 2048.00000 2048.00000 2052.00000 2044.00000 1192.00000 2903.00000 3211.00000 884.00000 2590.00000 1505.00000 2057.00000 2039.00000 2048.00000 2048.00000
1498.00000 2518.00000 1845.00000 2248.00000 2381.00000 1712.00000 2048.00000 2048.00000 2052.00000 2044.00000 1198.00000 2897.00000 3203.00000 892.00000 2587.00000 1508.00000 2057.00000 2039.00000 2048.00000 2048.00000
1498.00000 2518.00000 1845.00000 2248.00000 2381.00000 1712.00000 2048.00000 2048.00000 2052.00000 2044.00000 1204.00000 2891.00000 3196.00000 899.00000 2584.00000 1511.00000 2057.00000 2039.00000 2048.00000 2048.00000
1498.00000 2518.00000 1845.00000 2248.00000 2381.00000 1712.00000 2048.00000 2048.00000 2052.00000 2044.00000 1211.00000 2884.00000 3188.00000 907.00000 2582.00000 1513.00000 2057.00000 2039.00000 2048.00000 2048.00000
1498.00000 2518.00000 1845.00000 2248.00000 2381.00000 1712.00000 2048.00000 2048.00000 2052.00000 2044.00000 1217.00000 2878.00000 3180.00000 915.00000 2579.00000 1516.00000 2057.00000 2039.00000 2048.00000 2048.00000
1498.00000 2518.00000 1845.00000 2248.00000 2381.00000 1712.00000 2048.00000 2048.00000 2052.00000 2044.00000 1223.00000 2872.00000 3172.00000 923.00000 2576.00000 1519.00000 2057.00000 2039.00000 2048.00000 2048.00000
1498.00000 2518.00000 1845.00000 2248.00000 2381.00000 1712.00000 2048.00000 2048.00000 2052.00000 2044.00000 1229.00000 2866.00000 3165.00000 931.00000 2573.00000 1522.00000 2057.00000 2039.00000 2048.00000 2048.00000
1498.00000 2518.00000 1845.00000 2248.00000 2381.00000 1712.00000 2048.00000 2048.00000 2052.00000 2044.00000 1235.00000 2860.00000 3157.00000 938.00000 2570.00000 1525.00000 2057.00000 2039.00000 2048.00000 2048.00000
1498.00000 2518.00000 1845.00000 2248.00000 2381.00000 1712.00000 2048.00000 2048.00000 2052.00000 2044.00000 1242.00000 2853.00000 3149.00000 946.00000 2568.00000 1527.00000 2057.00000 2039.00000 2048.00000 2048.00000
1498.00000 2518.00000 1845.00000 2248.00000 2381.00000 1712.00000 2048.00000 2048.00000 2052.00000 2044.00000 1248.00000 2847.00000 3141.00000 954.00000 2565.00000 1530.00000 2057.00000 2039.00000 2048.00000 2048.00000
1498.00000 2518.00000 1845.00000 2248.00000 2381.00000 1712.00000 2048.00000 2048.00000 2052.00000 2044.00000 1254.00000 2841.00000 3133.00000 962.00000 2562.00000 1533.00000 2057.00000 2039.00000 2048.00000 2048.00000
1498.00000 2518.00000 1845.00000 2248.00000 2381.00000 1712.00000 2048.00000 2048.00000 2052.00000 2044.00000 1260.00000 2835.00000 3126.00000 969.00000 2559.00000 1536.00000 2057.00000 2039.00000 2048.00000 2048.00000
1498.00000 2518.00000 1845.00000 2248.00000 2381.00000 1712.00000 2048.00000 2048.00000 2052.00000 2044.00000 1266.00000 2829.00000 3118.00000 977.00000 2556.00000 1539.00000 2057.00000 2039.00000 2048.00000 2048.00000
1498.00000 2518.00000 1845.00000 2248.00000 2381.00000 1712.00000 2048.00000 2048.00000 2052.00000 2044.00000 1272.00000 2823.00000 3110.00000 985.00000 2554.00000 1541.00000 2057.00000 2039.00000 2048.00000 2048.00000
1498.00000 2518.00000 1845.00000 2248.00000 2381.00000 1712.00000 2048.00000 2048.00000 2052.00000 2044.00000 1279.00000 2816.00000 3102.00000 993.00000 2551.00000 1544.00000 2057.00000 2039.00000 2048.00000 2048.00000
1498.00000 2518.00000 1845.00000 2248.00000 2381.00000 1712.00000 2048.00000 2048.00000 2052.00000 2044.00000 1285.00000 2810.00000 3095.00000 1000.00000 2548.00000 1547.00000 2057.00000 2039.00000 2048.00000 2048.00000
1498.00000 2518.00000 1845.00000 2248.00000 2381.00000 1712.00000 2048.00000 2048.00000 2052.00000 2044.00000 1291.00000 2804.00000 3087.00000 1008.00000 2545.00000 1550.00000 2057.00000 2039.00000 2048.00000 2048.00000
1498.00000 2518.00000 1845.00000 2248.00000 2381.00000 1712.00000 2048.00000 2048.00000 2052.00000 2044.00000 1297.00000 2798.00000 3079.00000 1016.00000 2542.00000 1553.00000 2057.00000 2039.00000 2048.00000 2048.00000
1498.00000 2518.00000 1845.00000 2248.00000 2381.00000 1712.00000 2048.00000 2048.00000 2052.00000 2044.00000 1303.00000 2792.00000 3071.00000 1024.00000 2540.00000 1555.00000 2057.00000 2039.00000 2048.00000 2048.00000
1498.00000 2518.00000 1845.00000 2248.00000 2381.00000 1712.00000 2048.00000 2048.00000 2052.00000 2044.00000 1309.00000 2786.00000 3064.00000 1031.00000 2537.00000 1558.00000 2057.00000 2039.00000 2048.00000 2048.00000
1498.00000 2518.00000 1845.00000 2248.00000 2381.00000 1712.00000 2048.00000 2048.00000 2052.00000 2044.00000 1316.00000 2779.00000 3056.00000 1039.00000 2534.00000 1561.00000 2057.00000 2039.00000 2048.00000 2048.00000
1498.00000 2518.00000 1845.00000 2248.00000 2381.00000 1712.00000 2048.00000 2048.00000 2052.00000 2044.00000 1322.00000 2773.00000 3048.00000 1047.00000 2531.00000 1564.00000 2057.00000 2039.00000 2048.00000 2048.00000
1498.00000 2518.00000 1845.00000 2248.00000 2381.00000 1712.00000 2048.00000 2048.00000 2052.00000 2044.00000 1328.00000 2767.00000 3040.00000 1055.00000 2528.00000 1567.00000 2057.00000 2039.00000 2048.00000 2048.00000
1498.00000 2518.00000 1845.00000 2248.00000 2381.00000 1712.00000 2048.00000 2048.00000 2052.00000 2044.00000 1334.00000 2761.00000 3033.00000 1062.00000 2526.00000 1569.00000 2057.00000 2039.00000 2048.00000 2048.00000
1498.00000 2518.00000 1845.00000 2248.00000 2381.00000 1712.00000 2048.00000 2048.00000 2052.00000 2044.00000 1340.00000 2755.00000 3025.00000 1070.00000 2523.00000 1572.00000 2057.00000 2039.00000 2048.00000 2048.00000
1498.00000 2518.00000 1845.00000 2248.00000 2381.00000 1712.00000 2048.00000 2048.00000 2052.00000 2044.00000 1346.00000 2749.00000 3017.00000 1078.00000 2520.00000 1575.00000 2057.00000 2039.00000 2048.00000 2048.00000
1498.00000 2518.00000 1845.00000 2248.00000 2381.00000 1712.00000 2048.00000 2048.00000 2052.00000 2044.00000 1353.00000 2742.00000 3009.00000 1086.00000 2517.00000 1578.00000 2057.00000 2039.00000 2048.00000 2048.00000
1498.00000 2518.00000 1845.00000 2248.00000 2381.00000 1712.00000 2048.00000 2048.00000 2052.00000 2044.00000 1359.00000 2736.00000 3002.00000 1093.00000 2514.00000 1581.00000 2057.00000 2039.00000 2048.00000 2048.00000
1498.00000 2518.00000 1845.00000 2248.00000 2381.00000 1712.00000 2048.00000 2048.00000 2052.00000 2044.00000 1365.00000 2730.00000 2994.00000 1101.00000 2512.00000 1583.00000 2057.00000 2039.00000 2048.00000 2048.00000
1498.00000 2518.00000 1845.00000 2248.00000 2381.00000 1712.00000 2048.00000 2048.00000 2052.00000 2044.00000 1371.00000 2724.00000 2986.00000 1109.00000 2509.00000 1586.00000 2057.00000 2039.00000 2048.00000 2048.00000
1498.00000 2518.00000 1845.00000 2248.00000 2381.00000 1712.00000 2048.00000 2048.00000 2052.00000 2044.00000 1377.00000 2718.00000 2978.00000 1117.00000 2506.00000 1589.00000 2057.00000 2039.00000 2048.00000 2048.00000
1498.00000 2518.00000 1845.00000 2248.00000 2381.00000 1712.00000 2048.00000 2048.00000 2052.00000 2044.00000 1383.00000 2712.00000 2971.00000 1124.00000 2503.00000 1592.00000 2057.00000 2039.00000 2048.00000 2048.00000
1498.00000 2518.00000 1845.00000 2248.00000 2381.00000 1712.00000 2048.00000 2048.00000 2052.00000 2044.00000 1390.00000 2705.00000 2963.00000 1132.00000 2500.00000 1595.00000 2057.00000 2039.00000 2048.00000 2048.00000
1498.00000 2518.00000 1845.00000 2248.00000 2381.00000 1712.00000 2048.00000 2048.00000 2052.00000 2044.00000 1396.00000 2699.00000 2955.00000 1140.00000 2498.00000 1597.00000 2057.00000 2039.00000 2048.00000 2048.00000
1498.00000 2518.00000 1845.00000 2248.00000 2381.00000 1712.00000 2048.00000 2048.00000 2052.00000 2044.00000 1402.00000 2693.00000 2947.00000 1148.00000 2495.00000 1600.00000 2057.00000 2039.00000 2048.00000 2048.00000
1498.00000 2518.00000 1845.00000 2248.00000 2381.00000 1712.00000 2048.00000 2048.00000 2052.00000 2044.00000 1408.00000 2687.00000 2940.00000 1155.00000 2492.00000 1603.00000 2057.00000 2039.00000 2048.00000 2048.00000
1498.00000 2518.00000 1845.00000 2248.00000 2381.00000 1712.00000 2048.00000 2048.00000 2052.00000 2044.00000 1414.00000 2681.00000 2932.00000 1163.00000 2489.00000 1606.00000 2057.00000 2039.00000 2048.00000 2048.00000
1498.00000 2518.00000 1845.00000 2248.00000 2381.00000 1712.00000 2048.00000 2048.00000 2052.00000 2044.00000 1420.00000 2675.00000 2924.00000 1171.00000 2486.00000 1609.00000 2057.00000 2039.00000 2048.00000 2048.00000
1498.00000 2518.00000 1845.00000 2248.00000 2381.00000 1712.00000 2048.00000 2048.00000 2052.00000 2044.00000 1427.00000 2668.00000 2916.00000 1179.00000 2484.00000 1611.00000 2057.00000 2039.00000 2048.00000 2048.00000
1498.00000 2518.00000 1845.00000 2248.00000 2381.00000 1712.00000 2048.00000 2048.00000 2052.00000 2044.00000 1433.00000 2662.00000 2909.00000 1187.00000 2481.00000 1614.00000 2057.00000 2039.00000 2048.00000 2048.00000
1498.00000 2518.00000 1845.00000 2248.00000 2381.00000 1712.00000 2048.00000 2048.00000 2052.00000 2044.00000 1439.00000 2656.00000 2901.00000 1194.00000 2478.00000 1617.00000 2057.00000 2039.00000 2048.00000 2048.00000
1498.00000 2518.00000 1845.00000 2248.00000 2381.00000 1712.00000 2048.00000 2048.00000 2052.00000 2044.00000 1445.00000 2650.00000 2893.00000 1202.00000 2475.00000 1620.00000 2057.00000 2039.00000 2048.00000 2048.00000
1498.00000 2518.00000 1845.00000 2248.00000 2381.00000 1712.00000 2048.00000 2048.00000 2052.00000 2044.00000 1451.00000 2644.00000 2885.00000 1210.00000 2472.00000 1623.00000 2057.00000 2039.00000 2048.00000 2048.00000
1498.00000 2518.00000 1845.00000 2248.00000 2381.00000 1712.00000 2048.00000 2048.00000 2052.00000 2044.00000 1458.00000 2637.00000 2877.00000 1218.00000 2470.00000 1625.00000 2057.00000 2039.00000 2048.00000 2048.00000
1498.00000 2518.00000 1845.00000 2248.00000 2381.00000 1712.00000 2048.00000 2048.00000 2052.00000 2044.00000 1464.00000 2631.00000 2870.00000 1225.00000 2467.00000 1628.00000 2057.00000 2039.00000 2048.00000 2048.00000
1498.00000 2518.00000 1845.00000 2248.00000 2381.00000 1712.00000 2048.00000 2048.00000 2052.00000 2044.00000 1470.00000 2625.00000 2862.00000 1233.00000 2464.00000 1631.00000 2057.00000 2039.00000 2048.00000 2048.00000
1498.00000 2518.00000 1845.00000 2248.00000 2381.00000 1712.00000 2048.00000 2048.00000 2052.00000 2044.00000 1476.00000 2619.00000 2854.00000 1241.00000 2461.00000 1634.00000 2057.00000 2039.00000 2048.00000 2048.00000
1498.00000 2518.00000 1845.00000 2248.00000 2381.00000 1712.00000 2048.00000 2048.00000 2052.00000 2044.00000 1482.00000 2613.00000 2846.00000 1249.00000 2458.00000 1637.00000 2057.00000 2039.00000 2048.00000 2048.00000
1498.00000 2518.00000 1845.00000 2248.00000 2381.00000 1712.00000 2048.00000 2048.00000 2052.00000 2044.00000 1488.00000 2607.00000 2839.00000 1256.00000 2456.00000 1639.00000 2057.00000 2039.00000 2048.00000 2048.00000
1498.00000 2518.00000 1845.00000 2248.00000 2381.00000 1712.00000 2048.00000 2048.00000 2052.00000 2044.00000 1495.00000 2600.00000 2831.00000 1264.00000 2453.00000 1642.00000 2057.00000 2039.00000 2048.00000 2048.00000
1498.00000 2518.00000 1845.00000 2248.00000 2381.00000 1712.00000 2048.00000 2048.00000 2052.00000 2044.00000 1501.00000 2594.00000 2823.00000 1272.00000 2450.00000 1645.00000 2057.00000 2039.00000 2048.00000 2048.00000
1498.00000 2518.00000 1845.00000 2248.00000 2381.00000 1712.00000 2048.00000 2048.00000 2052.00000 2044.00000 1507.00000 2588.00000 2815.00000 1280.00000 2447.00000 1648.00000 2057.00000 2039.00000 2048.00000 2048.00000
1498.00000 2518.00000 1845.00000 2248.00000 2381.00000 1712.00000 2048.00000 2048.00000 2052.00000 2044.00000 1513.00000 2582.00000 2808.00000 1287.00000 2444.00000 1651.00000 2057.00000 2039.00000 2048.00000 2048.00000
1498.00000 2518.00000 1845.00000 2248.00000 2381.00000 1712.00000 2048.00000 2048.00000 2052.00000 2044.00000 1519.00000 2576.00000 2800.00000 1295.00000 2442.00000 1653.00000 2057.00000 2039.00000 2048.00000 2048.00000
1498.00000 2518.00000 1845.00000 2248.00000 2381.00000 1712.00000 2048.00000 2048.00000 2052.00000 2044.00000 1525.00000 2570.00000 2792.00000 1303.00000 2439.00000 1656.00000 2057.00000 2039.00000 2048.00000 2048.00000
1498.00000 2518.00000 1845.00000 2248.00000 2381.00000 1712.00000 2048.00000 2048.00000 2052.00000 2044.00000 1532.00000 2563.00000 2784.00000 1311.00000 2436.00000 1659.00000 2057.00000 2039.00000 2048.00000 2048.00000
1498.00000 2518.00000 1845.00000 2248.00000 2381.00000 1712.00000 2048.00000 2048.00000 2052.00000 2044.00000 1538.00000 2557.00000 2777.00000 1318.00000 2433.00000 1662.00000 2057.00000 2039.00000 2048.00000 2048.00000
1498.00000 2518.00000 1845.00000 2248.00000 2381.00000 1712.00000 2048.00000 2048.00000 2052.00000 2044.00000 1544.00000 2551.00000 2769.00000 1326.00000 2430.00000 1665.00000 2057.00000 2039.00000 2048.00000 2048.00000
1498.00000 2518.00000 1845.00000 2248.00000 2381.00000 1712.00000 2048.00000 2048.00000 2052.00000 2044.00000 1550.00000 2545.00000 2761.00000 1334.00000 2428.00000 1667.00000 2057.00000 2039.00000 2048.00000 2048.00000
1498.00000 2518.00000 1845.00000 2248.00000 2381.00000 1712.00000 2048.00000 2048.00000 2052.00000 2044.00000 1556.00000 2539.00000 2753.00000 1342.00000 2425.00000 1670.00000 2057.00000 2039.00000 2048.00000 2048.00000
1498.00000 2518.00000 1845.00000 2248.00000 2381.00000 1712.00000 2048.00000 2048.00000 2052.00000 2044.00000 1562.00000 2533.00000 2746.00000 1349.00000 2422.00000 1673.00000 2057.00000 2039.00000 2048.00000 2048.00000
1498.00000 2518.00000 1845.00000 2248.00000 2381.00000 1712.00000 2048.00000 2048.00000 2052.00000 2044.00000 1569.00000 2526.00000 2738.00000 1357.00000 2419.00000 1676.00000 2057.00000 2039.00000 2048.00000 2048.00000
1498.00000 2518.00000 1845.00000 2248.00000 2381.00000 1712.00000 2048.00000 2048.00000 2052.00000 2044.00000 1575.00000 2520.00000 2730.00000 1365.00000 2416.00000 1679.00000 2057.00000 2039.00000 2048.00000 2048.00000
1498.00000 2518.00000 1845.00000 2248.00000 2381.00000 1712.00000 2048.00000 2048.00000 2052.00000 2044.00000 1581.00000 2514.00000 2722.00000 1373.00000 2414.00000 1681.00000 2057.00000 2039.00000 2048.00000 2048.00000
1498.00000 2518.00000 1845.00000 2248.00000 2381.00000 1712.00000 2048.00000 2048.00000 2052.00000 2044.00000 1587.00000 2508.00000 2715.00000 1380.00000 2411.00000 1684.00000 2057.00000 2039.00000 2048.00000 2048.00000
1498.00000 2518.00000 1845.00000 2248.00000 2381.00000 1712.00000 2048.00000 2048.00000 2052.00000 2044.00000 1593.00000 2502.00000 2707.00000 1388.00000 2408.00000 1687.00000 2057.00000 2039.00000 2048.00000 2048.00000
1498.00000 2518.00000 1845.00000 2248.00000 2381.00000 1712.00000 2048.00000 2048.00000 2052.00000 2044.00000 1599.00000 2496.00000 2699.00000 1396.00000 2405.00000 1690.00000 2057.00000 2039.00000 2048.00000 2048.00000
1498.00000 2518.00000 1845.00000 2248.00000 2381.00000 1712.00000 2048.00000 2048.00000 2052.00000 2044.00000 1606.00000 2489.00000 2691.00000 1404.00000 2402.00000 1693.00000 2057.00000 2039.00000 2048.00000 2048.00000
1498.00000 2518.00000 1845.00000 2248.00000 2381.00000 1712.00000 2048.00000 2048.00000 2052.00000 2044.00000 1612.00000 2483.00000 2684.00000 1411.00000 2400.00000 1695.00000 2057.00000 2039.00000 2048.00000 2048.00000
1498.00000 2518.00000 1845.00000 2248.00000 2381.00000 1712.00000 2048.00000 2048.00000 2052.00000 2044.00000 1618.00000 2477.00000 2676.00000 1419.00000 2397.00000 1698.00000 2057.00000 2039.00000 2048.00000 2048.00000
1498.00000 2518.00000 1845.00000 2248.00000 2381.00000 1712.00000 2048.00000 2048.00000 2052.00000 2044.00000 1624.00000 2471.00000 2668.00000 1427.00000 2394.00000 1701.00000 2057.00000 2039.00000 2048.00000 2048.00000
1498.00000 2518.00000 1845.00000 2248.00000 2381.00000 1712.00000 2048.00000 2048.00000 2052.00000 2044.00000 1630.00000 2465.00000 2660.00000 1435.00000 2391.00000 1704.00000 2057.00000 2039.00000 2048.00000 2048.00000
1498.00000 2518.00000 1845.00000 2248.00000 2381.00000 1712.00000 2048.00000 2048.00000 2052.00000 2044.00000 1637.00000 2459.00000 2653.00000 1443.00000 2389.00000 1707.00000 2057.00000 2039.00000 2048.00000 2048.00000
