1498.00000 2518.00000 1845.00000 2248.00000 2381.00000 1712.00000 2048.00000 2048.00000 2052.00000 2044.00000 1026.00000 3070.00000 3421.00000 675.00000 2666.00000 1430.00000 2057.00000 2039.00000 2048.00000 2048.00000
1498.00000 2518.00000 1845.00000 2248.00000 2381.00000 1712.00000 2048.00000 2048.00000 2052.00000 2044.00000 1038.00000 3057.00000 3405.00000 690.00000 2660.00000 1435.00000 2057.00000 2039.00000 2048.00000 2048.00000
1498.00000 2518.00000 1845.00000 2248.00000 2381.00000 1712.00000 2048.00000 2048.00000 2052.00000 2044.00000 1050.00000 3045.00000 3389.00000 706.00000 2654.00000 1441.00000 2057.00000 2039.00000 2048.00000 2048.00000
1498.00000 2518.00000 1845.00000 2248.00000 2381.00000 1712.00000 2048.00000 2048.00000 2052.00000 2044.00000 1063.00000 3032.00000 3373.00000 722.00000 2649.00000 1446.00000 2057.00000 2039.00000 2048.00000 2048.00000
1498.00000 2518.00000 1845.00000 2248.00000 2381.00000 1712.00000 2048.00000 2048.00000 2052.00000 2044.00000 1075.00000 3020.00000 3358.00000 737.00000 2643.00000 1452.00000 2057.00000 2039.00000 2048.00000 2048.00000
1498.00000 2518.00000 1845.00000 2248.00000 2381.00000 1712.00000 2048.00000 2048.00000 2052.00000 2044.00000 1088.00000 3007.00000 3342.00000 753.00000 2637.00000 1458.00000 2057.00000 2039.00000 2048.00000 2048.00000
1498.00000 2518.00000 1845.00000 2248.00000 2381.00000 1712.00000 2048.00000 2048.00000 2052.00000 2044.00000 1100.00000 2995.00000 3326.00000 769.00000 2632.00000 1463.00000 2057.00000 2039.00000 2048.00000 2048.00000
1498.00000 2518.00000 1845.00000 2248.00000 2381.00000 1712.00000 2048.00000 2048.00000 2052.00000 2044.00000 1113.00000 2982.00000 3311.00000 784.00000 2626.00000 1469.00000 2057.00000 2039.00000 2048.00000 2048.00000
1498.00000 2518.00000 1845.00000 2248.00000 2381.00000 1712.00000 2048.00000 2048.00000 2052.00000 2044.00000 1125.00000 2970.00000 3295.00000 800.00000 2620.00000 1475.00000 2057.00000 2039.00000 2048.00000 2048.00000
1498.00000 2518.00000 1845.00000 2248.00000 2381.00000 1712.00000 2048.00000 2048.00000 2052.00000 2044.00000 1138.00000 2957.00000 3279.00000 816.00000 2615.00000 1480.00000 2057.00000 2039.00000 2048.00000 2048.00000
1498.00000 2518.00000 1845.00000 2248.00000 2381.00000 1712.00000 2048.00000 2048.00000 2052.00000 2044.00000 1150.00000 2945.00000 3264.00000 831.00000 2609.00000 1486.00000 2057.00000 2039.00000 2048.00000 2048.00000
1498.00000 2518.00000 1845.00000 2248.00000 2381.00000 1712.00000 2048.00000 2048.00000 2052.00000 2044.00000 1163.00000 2932.00000 3248.00000 847.00000 2603.00000 1492.00000 2057.00000 2039.00000 2048.00000 2048.00000
1498.00000 2518.00000 1845.00000 2248.00000 2381.00000 1712.00000 2048.00000 2048.00000 2052.00000 2044.00000 1175.00000 2920.00000 3232.00000 863.00000 2598.00000 1497.00000 2057.00000 2039.00000 2048.00000 2048.00000
1498.00000 2518.00000 1845.00000 2248.00000 2381.00000 1712.00000 2048.00000 2048.00000 2052.00000 2044.00000 1188.00000 2907.00000 3217.00000 878.00000 2592.00000 1503.00000 2057.00000 2039.00000 2048.00000 2048.00000
1498.00000 2518.00000 1845.00000 2248.00000 2381.00000 1712.00000 2048.00000 2048.00000 2052.00000 2044.00000 1200.00000 2895.00000 3201.00000 894.00000 2586.00000 1509.00000 2057.00000 2039.00000 2048.00000 2048.00000
1498.00000 2518.00000 1845.00000 2248.00000 2381.00000 1712.00000 2048.00000 2048.00000 2052.00000 2044.00000 1213.00000 2882.00000 3185.00000 910.00000 2581.00000 1514.00000 2057.00000 2039.00000 2048.00000 2048.00000
1498.00000 2518.00000 1845.00000 2248.00000 2381.00000 1712.00000 2048.00000 2048.00000 2052.00000 2044.00000 1225.00000 2870.00000 3170.00000 925.00000 2575.00000 1520.00000 2057.00000 2039.00000 2048.00000 2048.00000
1498.00000 2518.00000 1845.00000 2248.00000 2381.00000 1712.00000 2048.00000 2048.00000 2052.00000 2044.00000 1237.00000 2858.00000 3154.00000 941.00000 2569.00000 1526.00000 2057.00000 2039.00000 2048.00000 2048.00000
1498.00000 2518.00000 1845.00000 2248.00000 2381.00000 1712.00000 2048.00000 2048.00000 2052.00000 2044.00000 1250.00000 2845.00000 3138.00000 957.00000 2564.00000 1531.00000 2057.00000 2039.00000 2048.00000 2048.00000
1498.00000 2518.00000 1845.00000 2248.00000 2381.00000 1712.00000 2048.00000 2048.00000 2052.00000 2044.00000 1262.00000 2833.00000 3123.00000 972.00000 2558.00000 1537.00000 2057.00000 2039.00000 2048.00000 2048.00000
1498.00000 2518.00000 1845.00000 2248.00000 2381.00000 1712.00000 2048.00000 2048.00000 2052.00000 2044.00000 1275.00000 2820.00000 3107.00000 988.00000 2552.00000 1543.00000 2057.00000 2039.00000 2048.00000 2048.00000
1498.00000 2518.00000 1845.00000 2248.00000 2381.00000 1712.00000 2048.00000 2048.00000 2052.00000 2044.00000 1287.00000 2808.00000 3091.00000 1004.00000 2547.00000 1548.00000 2057.00000 2039.00000 2048.00000 2048.00000
1498.00000 2518.00000 1845.00000 2248.00000 2381.00000 1712.00000 2048.00000 2048.00000 2052.00000 2044.00000 1300.00000 2795.00000 3076.00000 1019.00000 2541.00000 1554.00000 2057.00000 2039.00000 2048.00000 2048.00000
1498.00000 2518.00000 1845.00000 2248.00000 2381.00000 1712.00000 2048.00000 2048.00000 2052.00000 2044.00000 1312.00000 2783.00000 3060.00000 1035.00000 2535.00000 1560.00000 2057.00000 2039.00000 2048.00000 2048.00000
1498.00000 2518.00000 1845.00000 2248.00000 2381.00000 1712.00000 2048.00000 2048.00000 2052.00000 2044.00000 1325.00000 2770.00000 3044.00000 1051.00000 2530.00000 1565.00000 2057.00000 2039.00000 2048.00000 2048.00000
1498.00000 2518.00000 1845.00000 2248.00000 2381.00000 1712.00000 2048.00000 2048.00000 2052.00000 2044.00000 1337.00000 2758.00000 3029.00000 1066.00000 2524.00000 1571.00000 2057.00000 2039.00000 2048.00000 2048.00000
1498.00000 2518.00000 1845.00000 2248.00000 2381.00000 1712.00000 2048.00000 2048.00000 2052.00000 2044.00000 1350.00000 2745.00000 3013.00000 1082.00000 2519.00000 1576.00000 2057.00000 2039.00000 2048.00000 2048.00000
1498.00000 2518.00000 1845.00000 2248.00000 2381.00000 1712.00000 2048.00000 2048.00000 2052.00000 2044.00000 1362.00000 2733.00000 2997.00000 1098.00000 2513.00000 1582.00000 2057.00000 2039.00000 2048.00000 2048.00000
1498.00000 2518.00000 1845.00000 2248.00000 2381.00000 1712.00000 2048.00000 2048.00000 2052.00000 2044.00000 1375.00000 2720.00000 2982.00000 1113.00000 2507.00000 1588.00000 2057.00000 2039.00000 2048.00000 2048.00000
1498.00000 2518.00000 1845.00000 2248.00000 2381.00000 1712.00000 2048.00000 2048.00000 2052.00000 2044.00000 1387.00000 2708.00000 2966.00000 1129.00000 2502.00000 1593.00000 2057.00000 2039.00000 2048.00000 2048.00000
1498.00000 2518.00000 1845.00000 2248.00000 2381.00000 1712.00000 2048.00000 2048.00000 2052.00000 2044.00000 1400.00000 2695.00000 2950.00000 1145.00000 2496.00000 1599.00000 2057.00000 2039.00000 2048.00000 2048.00000
1498.00000 2518.00000 1845.00000 2248.00000 2381.00000 1712.00000 2048.00000 2048.00000 2052.00000 2044.00000 1412.00000 2683.00000 2935.00000 1160.00000 2490.00000 1605.00000 2057.00000 2039.00000 2048.00000 2048.00000
1498.00000 2518.00000 1845.00000 2248.00000 2381.00000 1712.00000 2048.00000 2048.00000 2052.00000 2044.00000 1425.00000 2670.00000 2919.00000 1176.00000 2485.00000 1610.00000 2057.00000 2039.00000 2048.00000 2048.00000
1498.00000 2518.00000 1845.00000 2248.00000 2381.00000 1712.00000 2048.00000 2048.00000 2052.00000 2044.00000 1437.00000 2658.00000 2903.00000 1192.00000 2479.00000 1616.00000 2057.00000 2039.00000 2048.00000 2048.00000
1498.00000 2518.00000 1845.00000 2248.00000 2381.00000 1712.00000 2048.00000 2048.00000 2052.00000 2044.00000 1449.00000 2646.00000 2888.00000 1207.00000 2473.00000 1622.00000 2057.00000 2039.00000 2048.00000 2048.00000
1498.00000 2518.00000 1845.00000 2248.00000 2381.00000 1712.00000 2048.00000 2048.00000 2052.00000 2044.00000 1462.00000 2633.00000 2872.00000 1223.00000 2468.00000 1627.00000 2057.00000 2039.00000 2048.00000 2048.00000
1498.00000 2518.00000 1845.00000 2248.00000 2381.00000 1712.00000 2048.00000 2048.00000 2052.00000 2044.00000 1474.00000 2621.00000 2856.00000 1239.00000 2462.00000 1633.00000 2057.00000 2039.00000 2048.00000 2048.00000
1498.00000 2518.00000 1845.00000 2248.00000 2381.00000 1712.00000 2048.00000 2048.00000 2052.00000 2044.00000 1487.00000 2608.00000 2841.00000 1254.00000 2456.00000 1639.00000 2057.00000 2039.00000 2048.00000 2048.00000
1498.00000 2518.00000 1845.00000 2248.00000 2381.00000 1712.00000 2048.00000 2048.00000 2052.00000 2044.00000 1499.00000 2596.00000 2825.00000 1270.00000 2451.00000 1644.00000 2057.00000 2039.00000 2048.00000 2048.00000
1498.00000 2518.00000 1845.00000 2248.00000 2381.00000 1712.00000 2048.00000 2048.00000 2052.00000 2044.00000 1512.00000 2583.00000 2809.00000 1286.00000 2445.00000 1650.00000 2057.00000 2039.00000 2048.00000 2048.00000
1498.00000 2518.00000 1845.00000 2248.00000 2381.00000 1712.00000 2048.00000 2048.00000 2052.00000 2044.00000 1524.00000 2571.00000 2794.00000 1301.00000 2439.00000 1656.00000 2057.00000 2039.00000 2048.00000 2048.00000
1498.00000 2518.00000 1845.00000 2248.00000 2381.00000 1712.00000 2048.00000 2048.00000 2052.00000 2044.00000 1537.00000 2558.00000 2778.00000 1317.00000 2434.00000 1661.00000 2057.00000 2039.00000 2048.00000 2048.00000
1498.00000 2518.00000 1845.00000 2248.00000 2381.00000 1712.00000 2048.00000 2048.00000 2052.00000 2044.00000 1549.00000 2546.00000 2762.00000 1333.00000 2428.00000 1667.00000 2057.00000 2039.00000 2048.00000 2048.00000
1498.00000 2518.00000 1845.00000 2248.00000 2381.00000 1712.00000 2048.00000 2048.00000 2052.00000 2044.00000 1562.00000 2533.00000 2747.00000 1348.00000 2422.00000 1673.00000 2057.00000 2039.00000 2048.00000 2048.00000
1498.00000 2518.00000 1845.00000 2248.00000 2381.00000 1712.00000 2048.00000 2048.00000 2052.00000 2044.00000 1574.00000 2521.00000 2731.00000 1364.00000 2417.00000 1678.00000 2057.00000 2039.00000 2048.00000 2048.00000
1498.00000 2518.00000 1845.00000 2248.00000 2381.00000 1712.00000 2048.00000 2048.00000 2052.00000 2044.00000 1587.00000 2508.00000 2715.00000 1380.00000 2411.00000 1684.00000 2057.00000 2039.00000 2048.00000 2048.00000
1498.00000 2518.00000 1845.00000 2248.00000 2381.00000 1712.00000 2048.00000 2048.00000 2052.00000 2044.00000 1599.00000 2496.00000 2700.00000 1395.00000 2405.00000 1690.00000 2057.00000 2039.00000 2048.00000 2048.00000
1498.00000 2518.00000 1845.00000 2248.00000 2381.00000 1712.00000 2048.00000 2048.00000 2052.00000 2044.00000 1612.00000 2483.00000 2684.00000 1411.00000 2400.00000 1695.00000 2057.00000 2039.00000 2048.00000 2048.00000
1498.00000 2518.00000 1845.00000 2248.00000 2381.00000 1712.00000 2048.00000 2048.00000 2052.00000 2044.00000 1624.00000 2471.00000 2668.00000 1427.00000 2394.00000 1701.00000 2057.00000 2039.00000 2048.00000 2048.00000
1498.00000 2518.00000 1845.00000 2248.00000 2381.00000 1712.00000 2048.00000 2048.00000 2052.00000 2044.00000 1637.00000 2459.00000 2653.00000 1443.00000 2389.00000 1707.00000 2057.00000 2039.00000 2048.00000 2048.00000
