0.71112 0.31486 -0.50992 -0.22731 -0.31639 0.50377 0.00000 -0.00307 0.00307 0.00154 0.63586 -0.95686 -0.53910 -0.01382 0.00000 0.00768 -0.64047 0.95379 0.54678 0.00614
0.71112 0.31486 -0.50992 -0.22731 -0.31639 0.50531 0.00000 -0.00461 0.00307 0.00154 0.63586 -0.95686 -0.53910 -0.01382 0.00000 0.00768 -0.64047 0.95379 0.54831 0.00614
0.70958 0.31332 -0.50992 -0.22731 -0.31639 0.50531 0.00154 -0.00307 0.00307 0.00154 0.63586 -0.95686 -0.53756 -0.01536 0.00000 0.00768 -0.64047 0.95379 0.54831 0.00614
0.70958 0.31332 -0.50992 -0.22731 -0.31639 0.50377 0.00000 -0.00307 0.00307 0.00154 0.63586 -0.95686 -0.53910 -0.01382 0.00000 0.00768 -0.64047 0.95379 0.54831 0.00614
0.71112 0.31332 -0.50992 -0.22731 -0.31639 0.50377 0.00000 -0.00307 0.00307 0.00154 0.63586 -0.95686 -0.53756 -0.01382 0.00000 0.00768 -0.64047 0.95379 0.54831 0.00614
0.70958 0.31332 -0.50992 -0.22731 -0.31486 0.50531 0.00154 -0.00307 0.00307 0.00154 0.63739 -0.95686 -0.53756 -0.01382 0.00000 0.00768 -0.64047 0.95379 0.54831 0.00614
0.71112 0.31332 -0.51145 -0.22731 -0.31639 0.50377 0.00000 -0.00307 0.00307 0.00154 0.63586 -0.95686 -0.53910 -0.01382 0.00000 0.00768 -0.64047 0.95379 0.54831 0.00614
0.71112 0.31486 -0.50992 -0.22578 -0.31639 0.50531 0.00000 -0.00307 0.00307 0.00154 0.63739 -0.95686 -0.53756 -0.01382 0.00000 0.00768 -0.64047 0.95379 0.54831 0.00614
0.71112 0.31486 -0.50992 -0.22731 -0.31639 0.50531 0.00000 -0.00307 0.00307 0.00154 0.63586 -0.95686 -0.53756 -0.01382 0.00000 0.00768 -0.64047 0.95379 0.54831 0.00614
0.71112 0.31332 -0.50992 -0.22731 -0.31639 0.50531 0.00000 -0.00461 0.00307 0.00154 0.63586 -0.95686 -0.53910 -0.01382 0.00000 0.00768 -0.64047 0.95379 0.54831 0.00614
0.70958 0.31486 -0.51145 -0.22578 -0.31639 0.50531 0.00154 -0.00307 0.00307 0.00154 0.63586 -0.95686 -0.53756 -0.01382 0.00000 0.00768 -0.64047 0.95379 0.54831 0.00614
0.71112 0.31486 -0.50992 -0.22731 -0.31639 0.50531 0.00000 -0.00307 0.00307 0.00154 0.63586 -0.95686 -0.53756 -0.01382 0.00000 0.00768 -0.64047 0.95379 0.54831 0.00614
0.70958 0.31486 -0.50992 -0.22731 -0.31486 0.50377 0.00000 -0.00307 0.00307 0.00154 0.63586 -0.95686 -0.53756 -0.01382 0.00000 0.00768 -0.64047 0.95379 0.54831 0.00614
0.70958 0.31332 -0.50992 -0.22731 -0.31639 0.50531 0.00000 -0.00307 0.00307 0.00154 0.63586 -0.95686 -0.53756 -0.01382 0.00000 0.00768 -0.64047 0.95379 0.54831 0.00614
0.71112 0.31486 -0.50992 -0.22731 -0.31639 0.50531 0.00000 -0.00307 0.00307 0.00154 0.63586 -0.95686 -0.53910 -0.01382 -0.00154 0.00768 -0.64047 0.95379 0.54831 0.00614
0.70958 0.31486 -0.50992 -0.22578 -0.31639 0.50377 0.00000 -0.00307 0.00307 0.00154 0.63586 -0.95686 -0.53756 -0.01382 0.00000 0.00768 -0.64047 0.95379 0.54831 0.00614
0.71112 0.31332 -0.51145 -0.22731 -0.31639 0.50531 0.00000 -0.00307 0.00307 0.00154 0.63586 -0.95686 -0.53910 -0.01382 0.00000 0.00768 -0.64047 0.95379 0.54831 0.00614
0.70958 0.31332 -0.51145 -0.22731 -0.31639 0.50377 0.00000 -0.00307 0.00307 0.00154 0.63586 -0.95686 -0.53756 -0.01382 0.00000 0.00768 -0.64047 0.95379 0.54831 0.00614
0.70958 0.31332 -0.50992 -0.22731 -0.31639 0.50377 0.00154 -0.00307 0.00307 0.00154 0.63586 -0.95686 -0.53910 -0.01382 0.00000 0.00768 -0.64047 0.95379 0.54831 0.00614
0.71112 0.31486 -0.50992 -0.22731 -0.31639 0.50377 0.00000 -0.00307 0.00307 0.00154 0.63586 -0.95686 -0.53756 -0.01382 0.00000 0.00768 -0.64047 0.95379 0.54831 0.00614
0.71112 0.31486 -0.50992 -0.22731 -0.31639 0.50531 0.00000 -0.00461 0.00307 0.00154 0.63586 -0.95686 -0.53910 -0.01382 0.00000 0.00768 -0.64047 0.95379 0.54831 0.00614
0.70958 0.31486 -0.50992 -0.22731 -0.31639 0.50531 0.00154 -0.00307 0.00307 0.00154 0.63586 -0.95686 -0.53910 -0.01382 0.00000 0.00768 -0.64047 0.95379 0.54831 0.00614
0.70958 0.31486 -0.50992 -0.22731 -0.31639 0.50531 0.00154 -0.00307 0.00307 0.00154 0.63586 -0.95686 -0.53910 -0.01382 0.00000 0.00768 -0.64047 0.95379 0.54831 0.00614
0.71112 0.31332 -0.50992 -0.22731 -0.31639 0.50377 0.00000 -0.00307 0.00307 0.00154 0.63586 -0.95686 -0.53756 -0.01382 0.00000 0.00768 -0.64047 0.95379 0.54831 0.00614
0.70958 0.31332 -0.50992 -0.22731 -0.31639 0.50377 0.00000 -0.00307 0.00307 0.00154 0.63586 -0.95686 -0.53910 -0.01382 0.00000 0.00768 -0.64047 0.95379 0.54831 0.00614
0.70958 0.31332 -0.50992 -0.22578 -0.31486 0.50531 0.00154 -0.00307 0.00307 0.00154 0.63586 -0.95686 -0.53910 -0.01382 0.00000 0.00768 -0.64047 0.95379 0.54678 0.00614
0.71112 0.31332 -0.50992 -0.22731 -0.31639 0.50377 0.00154 -0.00307 0.00307 0.00154 0.63586 -0.95686 -0.53910 -0.01382 0.00000 0.00768 -0.64047 0.95379 0.54831 0.00614
0.70958 0.31486 -0.50992 -0.22731 -0.31639 0.50531 0.00000 -0.00307 0.00307 0.00154 0.63586 -0.95686 -0.53756 -0.01382 0.00000 0.00768 -0.64047 0.95379 0.54831 0.00614
0.71112 0.31332 -0.50992 -0.22731 -0.31639 0.50531 0.00000 -0.00307 0.00307 0.00154 0.63586 -0.95686 -0.53756 -0.01382 0.00000 0.00768 -0.64047 0.95379 0.54831 0.00614
0.70958 0.31332 -0.50992 -0.22731 -0.31639 0.50377 0.00000 -0.00307 0.00307 0.00154 0.63586 -0.95686 -0.53756 -0.01382 0.00000 0.00768 -0.64047 0.95379 0.54831 0.00614
0.70958 0.31486 -0.50992 -0.22731 -0.31639 0.50531 0.00154 -0.00307 0.00307 0.00154 0.63586 -0.95686 -0.53910 -0.01382 0.00000 0.00768 -0.64047 0.95379 0.54831 0.00614
0.71112 0.31332 -0.51145 -0.22731 -0.31639 0.50531 0.00154 -0.00307 0.00307 0.00154 0.63586 -0.95686 -0.53756 -0.01382 0.00000 0.00768 -0.64047 0.95379 0.54831 0.00614
0.71112 0.31486 -0.51145 -0.22731 -0.31639 0.50531 0.00000 -0.00461 0.00307 0.00154 0.63586 -0.95686 -0.53910 -0.01382 0.00000 0.00768 -0.64047 0.95379 0.54831 0.00614
0.71112 0.31332 -0.50992 -0.22731 -0.31639 0.50531 0.00000 -0.00307 0.00307 0.00154 0.63586 -0.95686 -0.53910 -0.01382 0.00000 0.00768 -0.64047 0.95379 0.54678 0.00614
0.70958 0.31332 -0.50992 -0.22731 -0.31639 0.50377 0.00000 -0.00307 0.00307 0.00154 0.63586 -0.95686 -0.53756 -0.01382 0.00000 0.00768 -0.64047 0.95379 0.54831 0.00614
0.70958 0.31486 -0.50992 -0.22731 -0.31639 0.50377 0.00154 -0.00461 0.00307 0.00154 0.63586 -0.95686 -0.53756 -0.01382 0.00000 0.00768 -0.64047 0.95379 0.54831 0.00614
0.71112 0.31332 -0.51145 -0.22731 -0.31639 0.50377 0.00000 -0.00307 0.00307 0.00154 0.63586 -0.95686 -0.53910 -0.01382 0.00000 0.00768 -0.64047 0.95379 0.54831 0.00614
0.71112 0.31486 -0.50992 -0.22731 -0.31639 0.50377 0.00000 -0.00307 0.00307 0.00154 0.63586 -0.95686 -0.53910 -0.01382 0.00000 0.00768 -0.64047 0.95379 0.54831 0.00614
0.71112 0.31332 -0.50992 -0.22578 -0.31639 0.50531 0.00000 -0.00461 0.00307 0.00154 0.63739 -0.95686 -0.53756 -0.01382 0.00000 0.00768 -0.64047 0.95379 0.54831 0.00614
0.71112 0.31332 -0.50992 -0.22731 -0.31639 0.50531 0.00154 -0.00307 0.00307 0.00154 0.63586 -0.95686 -0.53756 -0.01382 0.00000 0.00768 -0.64047 0.95379 0.54831 0.00614
0.70958 0.31332 -0.50992 -0.22731 -0.31639 0.50531 0.00000 -0.00307 0.00307 0.00154 0.63586 -0.95686 -0.53910 -0.01382 0.00000 0.00768 -0.64047 0.95379 0.54831 0.00614
0.71112 0.31486 -0.50992 -0.22731 -0.31639 0.50531 0.00000 -0.00307 0.00307 0.00154 0.63586 -0.95686 -0.53910 -0.01382 0.00000 0.00768 -0.64047 0.95379 0.54831 0.00614
0.71112 0.31486 -0.50992 -0.22731 -0.31639 0.50531 0.00154 -0.00307 0.00307 0.00154 0.63586 -0.95686 -0.53910 -0.01382 0.00000 0.00768 -0.64047 0.95379 0.54831 0.00614
0.71112 0.31486 -0.50992 -0.22731 -0.31639 0.50531 0.00000 -0.00307 0.00307 0.00154 0.63586 -0.95686 -0.53910 -0.01382 0.00000 0.00768 -0.64047 0.95379 0.54831 0.00614
0.71112 0.31486 -0.50992 -0.22578 -0.31639 0.50377 0.00000 -0.00307 0.00307 0.00154 0.63586 -0.95686 -0.53910 -0.01382 0.00000 0.00768 -0.64047 0.95379 0.54831 0.00614
0.71112 0.31486 -0.50992 -0.22731 -0.31639 0.50377 0.00000 -0.00307 0.00307 0.00154 0.63586 -0.95686 -0.53756 -0.01382 0.00000 0.00768 -0.64047 0.95379 0.54831 0.00614
0.71112 0.31486 -0.50992 -0.22731 -0.31639 0.50531 0.00154 -0.00307 0.00307 0.00154 0.63586 -0.95686 -0.53756 -0.01382 0.00000 0.00768 -0.64047 0.95379 0.54831 0.00614
0.71112 0.31332 -0.50992 -0.22731 -0.31639 0.50531 0.00154 -0.00461 0.00307 0.00154 0.63586 -0.95686 -0.53910 -0.01382 0.00000 0.00768 -0.64047 0.95379 0.54831 0.00614
0.70958 0.31332 -0.50992 -0.22731 -0.31639 0.50531 0.00000 -0.00307 0.00307 0.00154 0.63586 -0.95686 -0.53910 -0.01382 -0.00154 0.00768 -0.64047 0.95379 0.54831 0.00614
0.70958 0.31332 -0.50992 -0.22731 -0.31639 0.50531 0.00000 -0.00307 0.00307 0.00154 0.63586 -0.95686 -0.53756 -0.01382 0.00000 0.00768 -0.64047 0.95379 0.54831 0.00614
0.70958 0.31486 -0.50992 -0.22731 -0.31639 0.50377 0.00000 -0.00307 0.00307 0.00154 0.63586 -0.95686 -0.53756 -0.01382 0.00000 0.00768 -0.64047 0.95379 0.54831 0.00614
0.70958 0.31486 -0.50992 -0.22731 -0.31639 0.50531 0.00000 -0.00307 0.00307 0.00154 0.63586 -0.95686 -0.53910 -0.01382 0.00000 0.00768 -0.64047 0.95379 0.54831 0.00614
0.71112 0.31486 -0.50992 -0.22731 -0.31639 0.50531 0.00000 -0.00307 0.00307 0.00154 0.63586 -0.95686 -0.53910 -0.01382 0.00000 0.00768 -0.64047 0.95379 0.54831 0.00614
0.70958 0.31332 -0.50992 -0.22578 -0.31639 0.50377 0.00000 -0.00307 0.00307 0.00154 0.63586 -0.95686 -0.53910 -0.01382 0.00000 0.00768 -0.64047 0.95379 0.54678 0.00614
0.71112 0.31486 -0.50992 -0.22731 -0.31639 0.50377 0.00154 -0.00461 0.00307 0.00154 0.63739 -0.95686 -0.53910 -0.01382 0.00000 0.00768 -0.64047 0.95379 0.54831 0.00614
0.70958 0.31486 -0.51145 -0.22731 -0.31639 0.50377 0.00000 -0.00307 0.00307 0.00154 0.63586 -0.95686 -0.53910 -0.01382 0.00000 0.00768 -0.64047 0.95379 0.54831 0.00614
0.70958 0.31486 -0.50992 -0.22731 -0.31639 0.50531 0.00000 -0.00307 0.00307 0.00154 0.63586 -0.95686 -0.53910 -0.01382 0.00000 0.00768 -0.64047 0.95379 0.54831 0.00614
0.71112 0.31332 -0.50992 -0.22731 -0.31639 0.50531 0.00000 -0.00461 0.00307 0.00154 0.63739 -0.95686 -0.53756 -0.01382 0.00000 0.00768 -0.64047 0.95379 0.54831 0.00614
0.70958 0.31486 -0.50992 -0.22731 -0.31639 0.50531 0.00000 -0.00461 0.00307 0.00154 0.63739 -0.95686 -0.53756 -0.01382 0.00000 0.00768 -0.64047 0.95379 0.54831 0.00614
0.71112 0.31332 -0.50992 -0.22731 -0.31486 0.50531 0.00000 -0.00307 0.00307 0.00154 0.63586 -0.95686 -0.53910 -0.01382 0.00000 0.00768 -0.64047 0.95379 0.54831 0.00614
0.71112 0.31486 -0.50992 -0.22578 -0.31639 0.50377 0.00000 -0.00307 0.00307 0.00154 0.63586 -0.95686 -0.53910 -0.01382 0.00000 0.00768 -0.64047 0.95379 0.54831 0.00614
0.71112 0.31332 -0.50992 -0.22578 -0.31639 0.50377 0.00000 -0.00307 0.00307 0.00154 0.63586 -0.95686 -0.53910 -0.01382 0.00000 0.00768 -0.64047 0.95379 0.54831 0.00614
0.71112 0.31332 -0.51145 -0.22731 -0.31639 0.50531 0.00000 -0.00307 0.00307 0.00154 0.63586 -0.95686 -0.53910 -0.01382 0.00000 0.00768 -0.64047 0.95379 0.54831 0.00614
0.70958 0.31332 -0.50992 -0.22731 -0.31639 0.50531 0.00000 -0.00461 0.00307 0.00154 0.63586 -0.95686 -0.53756 -0.01382 0.00000 0.00768 -0.64047 0.95379 0.54831 0.00614
0.71112 0.31332 -0.50992 -0.22578 -0.31639 0.50531 0.00000 -0.00307 0.00307 0.00154 0.63586 -0.95686 -0.53910 -0.01382 0.00000 0.00768 -0.64047 0.95379 0.54831 0.00614
0.71112 0.31486 -0.50992 -0.22731 -0.31639 0.50377 0.00000 -0.00307 0.00307 0.00154 0.63586 -0.95686 -0.53910 -0.01382 0.00000 0.00768 -0.64047 0.95379 0.54831 0.00614
0.71112 0.31486 -0.50992 -0.22578 -0.31639 0.50531 0.00000 -0.00307 0.00307 0.00154 0.63586 -0.95686 -0.53910 -0.01382 0.00000 0.00768 -0.64047 0.95379 0.54831 0.00614
0.71112 0.31332 -0.51145 -0.22578 -0.31639 0.50377 0.00000 -0.00307 0.00307 0.00154 0.63586 -0.95686 -0.53910 -0.01382 0.00000 0.00768 -0.64047 0.95379 0.54831 0.00614
0.71112 0.31486 -0.50992 -0.22578 -0.31639 0.50531 0.00000 -0.00307 0.00307 0.00154 0.63586 -0.95686 -0.53756 -0.01382 0.00000 0.00768 -0.64047 0.95379 0.54831 0.00614
0.71112 0.31332 -0.50992 -0.22731 -0.31639 0.50531 0.00000 -0.00307 0.00307 0.00154 0.63586 -0.95686 -0.53910 -0.01382 0.00000 0.00768 -0.64047 0.95379 0.54831 0.00614
0.70958 0.31332 -0.50992 -0.22731 -0.31639 0.50377 0.00000 -0.00307 0.00307 0.00154 0.63586 -0.95686 -0.53910 -0.01382 0.00000 0.00768 -0.64047 0.95379 0.54831 0.00614
0.71112 0.31486 -0.50992 -0.22731 -0.31639 0.50377 0.00000 -0.00307 0.00307 0.00154 0.63586 -0.95686 -0.53756 -0.01382 0.00000 0.00768 -0.64047 0.95379 0.54831 0.00614
0.71112 0.31332 -0.51145 -0.22731 -0.31639 0.50531 0.00000 -0.00307 0.00307 0.00154 0.63586 -0.95686 -0.53756 -0.01382 0.00000 0.00768 -0.64047 0.95379 0.54831 0.00614
0.71112 0.31486 -0.50992 -0.22578 -0.31639 0.50531 0.00000 -0.00307 0.00307 0.00154 0.63586 -0.95686 -0.53910 -0.01382 0.00000 0.00768 -0.64047 0.95379 0.54831 0.00614
0.71112 0.31332 -0.50992 -0.22731 -0.31639 0.50377 0.00000 -0.00307 0.00307 0.00154 0.63586 -0.95686 -0.53756 -0.01382 0.00000 0.00768 -0.64047 0.95379 0.54831 0.00614
0.71112 0.31486 -0.50992 -0.22578 -0.31639 0.50377 0.00000 -0.00307 0.00307 0.00154 0.63586 -0.95686 -0.53756 -0.01382 0.00000 0.00768 -0.64047 0.95379 0.54831 0.00614
0.71112 0.31332 -0.50992 -0.22731 -0.31639 0.50531 0.00000 -0.00307 0.00307 0.00154 0.63586 -0.95686 -0.53756 -0.01382 0.00000 0.00768 -0.64047 0.95379 0.54831 0.00614
0.71112 0.31332 -0.50992 -0.22731 -0.31639 0.50531 0.00154 -0.00307 0.00307 0.00154 0.63586 -0.95686 -0.53756 -0.01382 0.00000 0.00768 -0.64047 0.95379 0.54831 0.00614
0.71112 0.31486 -0.51145 -0.22731 -0.31793 0.50377 0.00000 -0.00307 0.00307 0.00154 0.63586 -0.95686 -0.53756 -0.01382 0.00000 0.00768 -0.64047 0.95379 0.54831 0.00614
0.71112 0.31332 -0.50992 -0.22731 -0.31639 0.50531 0.00000 -0.00307 0.00307 0.00154 0.63586 -0.95686 -0.53910 -0.01382 0.00000 0.00768 -0.64047 0.95379 0.54831 0.00614
0.70958 0.31332 -0.50992 -0.22731 -0.31639 0.50531 0.00000 -0.00307 0.00307 0.00154 0.63739 -0.95686 -0.53910 -0.01382 0.00000 0.00768 -0.64047 0.95379 0.54831 0.00614
0.70958 0.31486 -0.50992 -0.22731 -0.31639 0.50531 0.00154 -0.00307 0.00307 0.00154 0.63586 -0.95686 -0.53910 -0.01382 0.00000 0.00768 -0.64047 0.95379 0.54831 0.00614
0.71112 0.31332 -0.50992 -0.22731 -0.31639 0.50531 0.00000 -0.00307 0.00307 0.00154 0.63586 -0.95686 -0.53756 -0.01382 0.00000 0.00768 -0.64047 0.95379 0.54831 0.00614
0.71112 0.31332 -0.51145 -0.22731 -0.31639 0.50377 0.00000 -0.00307 0.00307 0.00154 0.63739 -0.95686 -0.53910 -0.01382 0.00000 0.00768 -0.64047 0.95379 0.54678 0.00614
0.71112 0.31332 -0.50992 -0.22578 -0.31639 0.50377 0.00000 -0.00461 0.00307 0.00154 0.63586 -0.95686 -0.53756 -0.01382 0.00000 0.00768 -0.64047 0.95379 0.54831 0.00614
0.71112 0.31332 -0.51145 -0.22578 -0.31639 0.50377 0.00000 -0.00307 0.00307 0.00154 0.63586 -0.95686 -0.53756 -0.01382 0.00000 0.00768 -0.64047 0.95379 0.54831 0.00614
0.70958 0.31332 -0.50992 -0.22731 -0.31639 0.50377 0.00000 -0.00307 0.00307 0.00154 0.63586 -0.95686 -0.53756 -0.01382 0.00000 0.00768 -0.64047 0.95379 0.54831 0.00614
0.71112 0.31332 -0.50992 -0.22731 -0.31639 0.50531 0.00000 -0.00307 0.00307 0.00154 0.63739 -0.95686 -0.53910 -0.01382 0.00000 0.00768 -0.64047 0.95379 0.54831 0.00614
0.71112 0.31486 -0.50992 -0.22731 -0.31639 0.50531 0.00000 -0.00307 0.00307 0.00154 0.63586 -0.95686 -0.53910 -0.01382 0.00000 0.00768 -0.64047 0.95379 0.54678 0.00614
0.70958 0.31332 -0.51145 -0.22731 -0.31639 0.50377 0.00154 -0.00307 0.00307 0.00154 0.63586 -0.95686 -0.53910 -0.01382 0.00000 0.00768 -0.64047 0.95379 0.54831 0.00614
0.71112 0.31332 -0.51145 -0.22731 -0.31639 0.50531 0.00000 -0.00307 0.00307 0.00154 0.63586 -0.95686 -0.53910 -0.01382 0.00000 0.00768 -0.64047 0.95379 0.54831 0.00614
0.70958 0.31332 -0.50992 -0.22731 -0.31639 0.50531 0.00000 -0.00307 0.00307 0.00154 0.63586 -0.95686 -0.53756 -0.01382 0.00000 0.00768 -0.64047 0.95379 0.54831 0.00614
0.70958 0.31486 -0.50992 -0.22731 -0.31639 0.50377 0.00154 -0.00307 0.00307 0.00154 0.63586 -0.95686 -0.53910 -0.01382 0.00000 0.00768 -0.64047 0.95379 0.54831 0.00614
0.70958 0.31332 -0.50992 -0.22578 -0.31639 0.50377 0.00000 -0.00307 0.00307 0.00154 0.63586 -0.95686 -0.53756 -0.01382 0.00000 0.00768 -0.64047 0.95379 0.54831 0.00614
0.71112 0.31332 -0.50992 -0.22731 -0.31639 0.50377 0.00000 -0.00461 0.00307 0.00154 0.63586 -0.95686 -0.53910 -0.01382 0.00000 0.00768 -0.64047 0.95379 0.54831 0.00614
0.70958 0.31332 -0.50992 -0.22578 -0.31639 0.50377 0.00154 -0.00307 0.00307 0.00154 0.63586 -0.95686 -0.53910 -0.01382 0.00000 0.00768 -0.64047 0.95379 0.54831 0.00614
0.71112 0.31486 -0.50992 -0.22731 -0.31639 0.50377 0.00000 -0.00307 0.00307 0.00154 0.63586 -0.95686 -0.53910 -0.01382 0.00000 0.00768 -0.64047 0.95379 0.54831 0.00614
0.71112 0.31486 -0.50992 -0.22731 -0.31639 0.50531 0.00000 -0.00307 0.00307 0.00154 0.63586 -0.95686 -0.53910 -0.01382 0.00000 0.00768 -0.64047 0.95379 0.54831 0.00614
0.71112 0.31486 -0.50992 -0.22731 -0.31639 0.50377 0.00154 -0.00307 0.00307 0.00154 0.63586 -0.95686 -0.53756 -0.01382 0.00000 0.00768 -0.64047 0.95379 0.54678 0.00614
0.71112 0.31332 -0.50992 -0.22731 -0.31639 0.50531 0.00154 -0.00307 0.00307 0.00154 0.63586 -0.95686 -0.53756 -0.01382 0.00000 0.00768 -0.64047 0.95379 0.54831 0.00614
0.70958 0.31332 -0.50992 -0.22731 -0.31639 0.50531 0.00000 -0.00307 0.00307 0.00154 0.63586 -0.95686 -0.53910 -0.01382 0.00000 0.00768 -0.64047 0.95379 0.54831 0.00614
0.71112 0.31332 -0.50992 -0.22731 -0.31639 0.50377 0.00000 -0.00307 0.00307 0.00154 0.63586 -0.95686 -0.53756 -0.01382 0.00000 0.00768 -0.64047 0.95379 0.54678 0.00614
0.70958 0.31486 -0.50992 -0.22578 -0.31639 0.50531 0.00000 -0.00307 0.00307 0.00154 0.63586 -0.95686 -0.53910 -0.01382 0.00000 0.00768 -0.64047 0.95379 0.54831 0.00614
0.71112 0.31486 -0.50992 -0.22731 -0.31639 0.50377 0.00000 -0.00307 0.00307 0.00154 0.63586 -0.95686 -0.53910 -0.01382 0.00000 0.00768 -0.64047 0.95379 0.54831 0.00614
0.71112 0.31486 -0.50992 -0.22731 -0.31639 0.50377 0.00000 -0.00307 0.00307 0.00154 0.63586 -0.95686 -0.53756 -0.01382 0.00000 0.00768 -0.64047 0.95379 0.54831 0.00614
0.71112 0.31486 -0.50992 -0.22731 -0.31639 0.50531 0.00000 -0.00307 0.00307 0.00154 0.63586 -0.95686 -0.53910 -0.01382 0.00000 0.00768 -0.64047 0.95379 0.54831 0.00614
0.70958 0.31486 -0.50992 -0.22731 -0.31639 0.50377 0.00000 -0.00307 0.00307 0.00154 0.63586 -0.95686 -0.53910 -0.01382 0.00000 0.00768 -0.64047 0.95379 0.54831 0.00614
0.71112 0.31332 -0.50992 -0.22578 -0.31639 0.50377 0.00000 -0.00307 0.00307 0.00154 0.63586 -0.95686 -0.53756 -0.01382 0.00000 0.00768 -0.64047 0.95379 0.54831 0.00614
0.71112 0.31332 -0.51145 -0.22578 -0.31639 0.50531 0.00154 -0.00307 0.00307 0.00154 0.63586 -0.95686 -0.53756 -0.01382 0.00000 0.00768 -0.64047 0.95379 0.54831 0.00614
0.71112 0.31332 -0.50992 -0.22578 -0.31639 0.50531 0.00000 -0.00307 0.00307 0.00154 0.63586 -0.95686 -0.53910 -0.01382 0.00000 0.00768 -0.64047 0.95379 0.54831 0.00614
0.71112 0.31486 -0.50992 -0.22578 -0.31639 0.50377 0.00000 -0.00307 0.00307 0.00154 0.63586 -0.95686 -0.53756 -0.01382 0.00000 0.00768 -0.64047 0.95379 0.54831 0.00614
0.71112 0.31486 -0.50992 -0.22731 -0.31639 0.50377 0.00000 -0.00307 0.00307 0.00154 0.63586 -0.95686 -0.53910 -0.01382 0.00000 0.00768 -0.64047 0.95379 0.54678 0.00614
0.71112 0.31332 -0.50992 -0.22731 -0.31639 0.50377 0.00154 -0.00307 0.00307 0.00154 0.63586 -0.95686 -0.53756 -0.01382 0.00000 0.00768 -0.64047 0.95379 0.54831 0.00614
0.71112 0.31486 -0.50992 -0.22731 -0.31639 0.50377 0.00000 -0.00307 0.00307 0.00000 0.63586 -0.95686 -0.53756 -0.01382 0.00000 0.00768 -0.64047 0.95379 0.54678 0.00614
0.70958 0.31332 -0.51145 -0.22731 -0.31639 0.50377 0.00000 -0.00307 0.00307 0.00154 0.63586 -0.95686 -0.53756 -0.01382 0.00000 0.00768 -0.64047 0.95379 0.54831 0.00614
0.70958 0.31332 -0.50992 -0.22731 -0.31639 0.50531 0.00000 -0.00307 0.00307 0.00154 0.63586 -0.95686 -0.53910 -0.01382 0.00000 0.00768 -0.64047 0.95379 0.54831 0.00614
0.71112 0.31486 -0.50992 -0.22731 -0.31639 0.50531 0.00000 -0.00307 0.00307 0.00154 0.63586 -0.95686 -0.53910 -0.01382 0.00000 0.00768 -0.64047 0.95379 0.54831 0.00614
0.71112 0.31332 -0.50992 -0.22731 -0.31639 0.50531 0.00000 -0.00307 0.00307 0.00154 0.63586 -0.95686 -0.53910 -0.01382 0.00000 0.00768 -0.64047 0.95379 0.54831 0.00614
0.71112 0.31332 -0.50992 -0.22731 -0.31639 0.50377 0.00000 -0.00307 0.00307 0.00154 0.63586 -0.95686 -0.53756 -0.01382 0.00000 0.00768 -0.64047 0.95379 0.54831 0.00614
0.71112 0.31486 -0.50992 -0.22731 -0.31639 0.50531 0.00000 -0.00307 0.00307 0.00154 0.63586 -0.95686 -0.53756 -0.01382 0.00000 0.00768 -0.64047 0.95379 0.54831 0.00614
0.71112 0.31332 -0.50992 -0.22731 -0.31639 0.50377 0.00154 -0.00307 0.00307 0.00154 0.63586 -0.95686 -0.53910 -0.01382 0.00000 0.00768 -0.64047 0.95379 0.54831 0.00614
0.71112 0.31486 -0.51145 -0.22731 -0.31639 0.50377 0.00000 -0.00307 0.00307 0.00154 0.63586 -0.95686 -0.53756 -0.01382 0.00000 0.00768 -0.64047 0.95379 0.54831 0.00614
0.70958 0.31332 -0.50992 -0.22731 -0.31639 0.50531 0.00000 -0.00307 0.00307 0.00154 0.63586 -0.95686 -0.53756 -0.01382 0.00000 0.00768 -0.64047 0.95379 0.54831 0.00614
0.71112 0.31332 -0.50992 -0.22731 -0.31639 0.50531 0.00000 -0.00307 0.00307 0.00154 0.63586 -0.95686 -0.53910 -0.01382 0.00000 0.00768 -0.64047 0.95379 0.54831 0.00614
0.70958 0.31332 -0.50992 -0.22578 -0.31639 0.50531 0.00000 -0.00307 0.00307 0.00154 0.63586 -0.95686 -0.53756 -0.01382 0.00000 0.00768 -0.64047 0.95379 0.54831 0.00614
0.70958 0.31332 -0.50992 -0.22731 -0.31639 0.50377 0.00154 -0.00307 0.00307 0.00154 0.63586 -0.95686 -0.53910 -0.01382 0.00000 0.00768 -0.64047 0.95379 0.54831 0.00614
0.71112 0.31486 -0.50992 -0.22578 -0.31639 0.50377 0.00000 -0.00307 0.00307 0.00154 0.63586 -0.95686 -0.53910 -0.01382 0.00000 0.00768 -0.64047 0.95379 0.54831 0.00614
0.71112 0.31332 -0.50992 -0.22578 -0.31639 0.50377 0.00000 -0.00307 0.00307 0.00154 0.63586 -0.95686 -0.53756 -0.01382 0.00000 0.00768 -0.64047 0.95379 0.54831 0.00614
0.70958 0.31332 -0.50992 -0.22731 -0.31639 0.50531 0.00000 -0.00307 0.00307 0.00154 0.63586 -0.95686 -0.53910 -0.01382 0.00000 0.00768 -0.64047 0.95379 0.54831 0.00614
0.71112 0.31486 -0.50992 -0.22731 -0.31639 0.50377 0.00000 -0.00461 0.00307 0.00154 0.63739 -0.95686 -0.53756 -0.01382 0.00000 0.00768 -0.64047 0.95379 0.54831 0.00614
0.70958 0.31332 -0.50992 -0.22731 -0.31639 0.50377 0.00000 -0.00307 0.00307 0.00154 0.63586 -0.95686 -0.53756 -0.01382 0.00000 0.00768 -0.64047 0.95379 0.54831 0.00614
0.71112 0.31486 -0.50992 -0.22731 -0.31639 0.50377 0.00000 -0.00307 0.00307 0.00154 0.63586 -0.95686 -0.53910 -0.01382 0.00000 0.00768 -0.64047 0.95379 0.54831 0.00614
0.71112 0.31332 -0.50992 -0.22731 -0.31639 0.50531 0.00154 -0.00461 0.00307 0.00154 0.63586 -0.95686 -0.53910 -0.01382 0.00000 0.00768 -0.64047 0.95379 0.54831 0.00614
0.70958 0.31486 -0.50992 -0.22731 -0.31639 0.50377 0.00000 -0.00307 0.00307 0.00154 0.63586 -0.95686 -0.53756 -0.01382 0.00000 0.00768 -0.64047 0.95379 0.54831 0.00614
0.71112 0.31332 -0.50992 -0.22731 -0.31486 0.50531 0.00154 -0.00307 0.00307 0.00154 0.63586 -0.95686 -0.53756 -0.01382 0.00000 0.00768 -0.64047 0.95379 0.54831 0.00614
0.71112 0.31332 -0.50992 -0.22731 -0.31639 0.50377 0.00000 -0.00307 0.00307 0.00154 0.63586 -0.95686 -0.53756 -0.01382 0.00000 0.00768 -0.64047 0.95379 0.54831 0.00614
0.70958 0.31486 -0.50992 -0.22731 -0.31639 0.50531 0.00000 -0.00307 0.00307 0.00154 0.63586 -0.95686 -0.53910 -0.01382 0.00000 0.00768 -0.64047 0.95379 0.54831 0.00614
0.70958 0.31332 -0.50992 -0.22578 -0.31639 0.50531 0.00000 -0.00461 0.00307 0.00154 0.63586 -0.95686 -0.53910 -0.01382 0.00000 0.00768 -0.64047 0.95379 0.54831 0.00614
0.71112 0.31332 -0.50992 -0.22731 -0.31639 0.50377 0.00000 -0.00307 0.00307 0.00154 0.63586 -0.95686 -0.53756 -0.01382 0.00000 0.00768 -0.64047 0.95379 0.54831 0.00614
0.71112 0.31332 -0.50992 -0.22731 -0.31639 0.50377 0.00154 -0.00307 0.00307 0.00154 0.63586 -0.95686 -0.53756 -0.01382 0.00000 0.00768 -0.64047 0.95379 0.54831 0.00614
0.71112 0.31332 -0.50992 -0.22731 -0.31639 0.50377 0.00000 -0.00461 0.00307 0.00154 0.63586 -0.95686 -0.53910 -0.01382 0.00000 0.00768 -0.64047 0.95379 0.54831 0.00614
0.71112 0.31332 -0.50992 -0.22578 -0.31639 0.50377 0.00000 -0.00307 0.00307 0.00154 0.63739 -0.95686 -0.53910 -0.01382 0.00000 0.00768 -0.64047 0.95379 0.54831 0.00614
0.71112 0.31486 -0.50992 -0.22731 -0.31639 0.50531 0.00000 -0.00307 0.00307 0.00154 0.63586 -0.95686 -0.53756 -0.01382 0.00000 0.00768 -0.64047 0.95379 0.54831 0.00614
0.70958 0.31332 -0.50992 -0.22731 -0.31639 0.50531 0.00000 -0.00307 0.00307 0.00154 0.63586 -0.95686 -0.53910 -0.01382 0.00000 0.00768 -0.64047 0.95379 0.54831 0.00614
0.71112 0.31486 -0.50992 -0.22731 -0.31639 0.50377 0.00000 -0.00307 0.00307 0.00154 0.63586 -0.95686 -0.53756 -0.01382 0.00000 0.00768 -0.64047 0.95379 0.54831 0.00614
0.71112 0.31486 -0.50992 -0.22731 -0.31639 0.50377 0.00000 -0.00307 0.00307 0.00154 0.63586 -0.95686 -0.53756 -0.01382 0.00000 0.00768 -0.64047 0.95379 0.54831 0.00614
0.71112 0.31332 -0.50992 -0.22578 -0.31639 0.50531 0.00154 -0.00307 0.00307 0.00154 0.63586 -0.95686 -0.53756 -0.01382 0.00000 0.00768 -0.64047 0.95379 0.54678 0.00614
0.71112 0.31332 -0.50992 -0.22731 -0.31639 0.50531 0.00154 -0.00307 0.00307 0.00154 0.63586 -0.95686 -0.53756 -0.01382 0.00000 0.00768 -0.64047 0.95379 0.54831 0.00614
0.71112 0.31486 -0.50992 -0.22731 -0.31639 0.50531 0.00000 -0.00307 0.00307 0.00154 0.63586 -0.95686 -0.53910 -0.01382 0.00000 0.00768 -0.64047 0.95379 0.54831 0.00614
0.71112 0.31486 -0.50992 -0.22578 -0.31639 0.50531 0.00000 -0.00307 0.00307 0.00154 0.63586 -0.95686 -0.53756 -0.01382 0.00000 0.00768 -0.64047 0.95379 0.54831 0.00614
