0.71265 0.31332 -0.51145 -0.83552 -0.31486 0.50684 0.00154 -0.00461 0.00461 0.00154 1.57889 -2.16560 -0.95686 -0.02150 0.00461 0.01229 -1.58350 2.16560 0.96915 0.00922
0.71265 0.31332 -0.51145 -0.83552 -0.31486 0.50531 0.00154 -0.00461 0.00307 0.00154 1.58043 -2.16560 -0.95686 -0.02150 0.00461 0.01075 -1.58350 2.16560 0.96915 0.00768
0.71265 0.31332 -0.51145 -0.83552 -0.31486 0.50684 0.00154 -0.00307 0.00461 0.00000 1.58043 -2.16560 -0.95840 -0.02150 0.00461 0.01075 -1.58504 2.16560 0.96761 0.00768
0.71265 0.31332 -0.51145 -0.83552 -0.31639 0.50531 0.00154 -0.00307 0.00307 0.00000 1.57582 -2.16560 -0.95686 -0.02150 0.00307 0.01229 -1.58043 2.16560 0.96915 0.00768
0.71265 0.31332 -0.51145 -0.83552 -0.31639 0.50684 0.00154 -0.00461 0.00307 0.00154 1.56354 -2.16560 -0.95840 -0.02150 0.00307 0.01075 -1.56814 2.16560 0.96915 0.00768
0.71419 0.31332 -0.51145 -0.83552 -0.31639 0.50684 0.00154 -0.00307 0.00307 0.00000 1.54664 -2.16407 -0.95532 -0.02150 0.00307 0.01229 -1.55125 2.16407 0.96607 0.00922
0.71265 0.31332 -0.50992 -0.83552 -0.31639 0.50684 0.00154 -0.00461 0.00461 0.00000 1.52514 -2.16407 -0.94918 -0.02150 0.00307 0.01075 -1.52975 2.16253 0.95993 0.00768
0.71265 0.31332 -0.51145 -0.83552 -0.31486 0.50684 0.00154 -0.00307 0.00461 0.00154 1.50210 -2.15639 -0.93382 -0.01997 0.00154 0.01075 -1.50671 2.15332 0.94611 0.00768
0.71419 0.31332 -0.51145 -0.83552 -0.31486 0.50684 0.00154 -0.00307 0.00307 0.00000 1.47445 -2.13949 -0.91078 -0.01843 0.00154 0.01229 -1.47906 2.13181 0.92000 0.00768
0.71265 0.31332 -0.51145 -0.83552 -0.31639 0.50684 0.00154 -0.00307 0.00307 0.00000 1.44834 -2.12414 -0.88928 -0.01689 0.00154 0.01075 -1.45142 2.11646 0.89696 0.00768
0.71265 0.31332 -0.51145 -0.83552 -0.31486 0.50684 0.00154 -0.00307 0.00461 0.00000 1.42070 -2.11492 -0.86931 -0.01689 0.00000 0.01229 -1.42531 2.10724 0.87853 0.00768
0.71265 0.31332 -0.51145 -0.83552 -0.31639 0.50531 0.00154 -0.00461 0.00461 0.00000 1.39152 -2.10110 -0.85395 -0.01536 -0.00154 0.01075 -1.39459 2.09649 0.86471 0.00768
0.71419 0.31332 -0.51145 -0.83552 -0.31639 0.50531 0.00154 -0.00461 0.00307 -0.00154 1.36541 -2.08267 -0.83552 -0.01843 -0.00154 0.01229 -1.37155 2.07806 0.84935 0.00768
0.71265 0.31332 -0.51145 -0.83552 -0.31639 0.50684 0.00154 -0.00307 0.00461 -0.00154 1.34237 -2.06270 -0.82477 -0.01843 -0.00154 0.01075 -1.35158 2.06116 0.83706 0.00768
0.71419 0.31332 -0.51145 -0.83706 -0.31486 0.50531 0.00154 -0.00307 0.00461 -0.00154 1.32394 -2.04581 -0.81556 -0.01997 -0.00307 0.01075 -1.33469 2.04427 0.82938 0.00768
0.71265 0.31332 -0.51145 -0.83552 -0.31639 0.50684 0.00154 -0.00307 0.00461 0.00000 1.30397 -2.01816 -0.80634 -0.01997 -0.00154 0.01075 -1.31472 2.01970 0.82170 0.00768
0.71265 0.31332 -0.51145 -0.83552 -0.31639 0.50684 0.00154 -0.00461 0.00461 -0.00154 1.28400 -1.98744 -0.79713 -0.01997 -0.00307 0.01075 -1.29476 1.98744 0.81249 0.00768
0.71419 0.31332 -0.51145 -0.83552 -0.31486 0.50531 0.00154 -0.00307 0.00461 -0.00154 1.26711 -1.95826 -0.79098 -0.01997 -0.00307 0.01075 -1.27786 1.95980 0.80481 0.00768
0.71265 0.31332 -0.51145 -0.83552 -0.31486 0.50684 0.00154 -0.00307 0.00307 0.00000 1.24868 -1.92908 -0.78330 -0.01997 -0.00307 0.01075 -1.25943 1.92908 0.79713 0.00768
0.71419 0.31332 -0.51145 -0.83552 -0.31639 0.50531 0.00154 -0.00307 0.00461 -0.00154 1.23178 -1.90297 -0.78023 -0.01997 -0.00307 0.01075 -1.24100 1.90143 0.79098 0.00768
0.71265 0.31332 -0.51145 -0.83552 -0.31486 0.50531 0.00154 -0.00307 0.00461 0.00000 1.21182 -1.87532 -0.77102 -0.01689 -0.00307 0.00922 -1.22257 1.87225 0.78177 0.00768
0.71265 0.31332 -0.51145 -0.83552 -0.31639 0.50684 0.00154 -0.00307 0.00461 -0.00154 1.19339 -1.84768 -0.76641 -0.01689 -0.00307 0.00922 -1.20260 1.84307 0.77255 0.00768
0.71265 0.31332 -0.51145 -0.83552 -0.31639 0.50531 0.00000 -0.00307 0.00461 0.00000 1.17496 -1.82464 -0.75719 -0.01536 -0.00307 0.00768 -1.18417 1.82003 0.76487 0.00768
0.71419 0.31332 -0.51145 -0.83552 -0.31486 0.50684 0.00154 -0.00307 0.00307 -0.00154 1.15499 -1.79853 -0.74798 -0.01689 -0.00307 0.00922 -1.16574 1.79238 0.75719 0.00768
0.71265 0.31332 -0.51145 -0.83552 -0.31486 0.50684 0.00154 -0.00307 0.00461 -0.00154 1.13502 -1.77395 -0.73876 -0.01689 -0.00307 0.00768 -1.14577 1.77088 0.74798 0.00768
0.71419 0.31332 -0.51145 -0.83552 -0.31486 0.50531 0.00154 -0.00307 0.00461 -0.00154 1.11352 -1.74784 -0.72494 -0.01689 -0.00307 0.00768 -1.12427 1.74323 0.73723 0.00768
0.71265 0.31332 -0.51145 -0.83552 -0.31486 0.50531 0.00154 -0.00307 0.00307 0.00000 1.09355 -1.72788 -0.71726 -0.01843 -0.00307 0.00768 -1.10584 1.72480 0.72955 0.00768
0.71419 0.31332 -0.51145 -0.83552 -0.31486 0.50531 0.00154 -0.00307 0.00461 0.00000 1.07512 -1.70637 -0.70805 -0.01689 -0.00307 0.00768 -1.08741 1.70637 0.72187 0.00768
0.71265 0.31332 -0.51145 -0.83706 -0.31639 0.50684 0.00154 -0.00307 0.00307 -0.00154 1.05362 -1.68026 -0.69729 -0.01843 -0.00307 0.00768 -1.06591 1.68180 0.71112 0.00768
0.71265 0.31332 -0.51145 -0.83552 -0.31639 0.50684 0.00154 -0.00307 0.00307 -0.00154 1.03365 -1.65876 -0.68654 -0.01843 -0.00307 0.00768 -1.04748 1.66030 0.70190 0.00768
0.71419 0.31332 -0.51145 -0.83706 -0.31639 0.50684 0.00154 -0.00307 0.00461 -0.00154 1.01369 -1.64033 -0.67886 -0.01843 -0.00307 0.00614 -1.02905 1.64033 0.69422 0.00768
0.71419 0.31332 -0.51145 -0.83552 -0.31639 0.50531 0.00154 -0.00307 0.00307 -0.00154 0.99372 -1.61268 -0.66811 -0.01843 -0.00307 0.00614 -1.00754 1.61115 0.68347 0.00768
0.71265 0.31332 -0.51145 -0.83552 -0.31639 0.50684 0.00154 -0.00307 0.00461 -0.00154 0.97222 -1.58657 -0.65736 -0.01689 -0.00307 0.00461 -0.98604 1.58504 0.67272 0.00768
0.71419 0.31332 -0.51145 -0.83552 -0.31486 0.50684 0.00000 -0.00461 0.00307 -0.00154 0.95532 -1.56354 -0.64968 -0.01689 -0.00461 0.00461 -0.96761 1.56200 0.66504 0.00768
0.71419 0.31332 -0.51145 -0.83706 -0.31639 0.50531 0.00154 -0.00307 0.00307 -0.00154 0.93536 -1.53589 -0.64047 -0.01689 -0.00307 0.00461 -0.94918 1.53589 0.65582 0.00768
0.71419 0.31332 -0.51145 -0.83552 -0.31639 0.50684 0.00154 -0.00307 0.00307 -0.00154 0.91539 -1.50978 -0.63125 -0.01843 -0.00461 0.00461 -0.93075 1.50824 0.64815 0.00768
0.71419 0.31332 -0.51145 -0.83706 -0.31486 0.50531 0.00154 -0.00307 0.00307 -0.00154 0.89542 -1.48213 -0.62204 -0.01843 -0.00461 0.00307 -0.91078 1.47906 0.63893 0.00768
0.71265 0.31332 -0.51145 -0.83552 -0.31639 0.50684 0.00154 -0.00307 0.00461 -0.00154 0.87853 -1.45910 -0.61743 -0.01689 -0.00461 0.00307 -0.89235 1.45602 0.63279 0.00768
0.71265 0.31332 -0.51145 -0.83552 -0.31486 0.50684 0.00154 -0.00307 0.00307 -0.00154 0.85856 -1.42991 -0.60821 -0.01536 -0.00461 0.00307 -0.87239 1.42838 0.62204 0.00768
0.71419 0.31332 -0.51145 -0.83706 -0.31639 0.50684 0.00154 -0.00461 0.00307 -0.00154 0.84013 -1.40534 -0.60053 -0.01536 -0.00307 0.00307 -0.85242 1.40227 0.61436 0.00768
0.71419 0.31332 -0.51145 -0.83552 -0.31639 0.50684 0.00154 -0.00307 0.00307 -0.00154 0.81863 -1.38076 -0.59285 -0.01536 -0.00461 0.00307 -0.83245 1.37616 0.60668 0.00768
0.71265 0.31332 -0.51145 -0.83552 -0.31486 0.50684 0.00154 -0.00307 0.00307 -0.00154 0.80020 -1.35158 -0.58210 -0.01536 -0.00461 0.00307 -0.81249 1.34851 0.59746 0.00768
0.71419 0.31332 -0.51145 -0.83552 -0.31639 0.50684 0.00000 -0.00307 0.00461 -0.00154 0.78177 -1.33008 -0.57596 -0.01382 -0.00461 0.00307 -0.79559 1.32394 0.58978 0.00768
0.71419 0.31332 -0.51145 -0.83706 -0.31639 0.50684 0.00000 -0.00307 0.00307 -0.00154 0.76180 -1.30243 -0.56674 -0.01229 -0.00307 0.00307 -0.77562 1.29629 0.57903 0.00768
0.71419 0.31332 -0.51145 -0.83706 -0.31639 0.50684 0.00154 -0.00307 0.00307 -0.00154 0.74183 -1.27479 -0.55599 -0.01229 -0.00307 0.00307 -0.75566 1.27172 0.56982 0.00768
0.71419 0.31332 -0.51145 -0.83552 -0.31639 0.50684 0.00154 -0.00307 0.00307 -0.00154 0.72340 -1.24868 -0.54678 -0.01382 -0.00307 0.00154 -0.73723 1.24561 0.56214 0.00768
0.71419 0.31332 -0.51145 -0.83552 -0.31639 0.50531 0.00154 -0.00307 0.00307 -0.00154 0.70190 -1.21950 -0.53910 -0.01536 -0.00461 0.00154 -0.71726 1.21642 0.55446 0.00768
0.71265 0.31332 -0.51145 -0.83552 -0.31639 0.50684 0.00154 -0.00307 0.00307 -0.00154 0.68347 -1.19646 -0.53295 -0.01536 -0.00307 0.00154 -0.69883 1.19339 0.54831 0.00768
0.71265 0.31332 -0.51145 -0.83552 -0.31486 0.50531 0.00154 -0.00461 0.00307 -0.00154 0.66504 -1.16728 -0.52374 -0.01382 -0.00461 0.00154 -0.67886 1.16420 0.53756 0.00768
0.71419 0.31332 -0.51145 -0.83552 -0.31639 0.50531 0.00154 -0.00307 0.00307 -0.00154 0.64661 -1.14424 -0.51759 -0.01229 -0.00307 0.00307 -0.65890 1.13963 0.52835 0.00768
