0.70958 0.31486 -0.50992 -0.82784 -0.31486 0.50377 0.00154 -0.00307 0.00307 0.00922 1.58197 -2.16714 -0.95840 -0.01689 0.00307 0.00000 -1.58657 2.16714 0.96607 0.00461
0.70958 0.31486 -0.50992 -0.82784 -0.31639 0.50377 0.00000 -0.00307 0.00307 0.00922 1.58043 -2.16714 -0.95840 -0.01689 0.00307 0.00000 -1.58657 2.16868 0.96761 0.00461
0.70958 0.31486 -0.50992 -0.82784 -0.31639 0.50377 0.00154 -0.00307 0.00307 0.01075 1.58197 -2.16714 -0.95840 -0.01689 0.00307 0.00000 -1.58657 2.16714 0.96607 0.00461
0.70958 0.31486 -0.50992 -0.82784 -0.31639 0.50377 0.00000 -0.00307 0.00307 0.00922 1.58043 -2.16714 -0.95840 -0.01689 0.00307 0.00000 -1.58657 2.16714 0.96607 0.00461
0.70958 0.31486 -0.50992 -0.82784 -0.31486 0.50377 0.00154 -0.00307 0.00307 0.00922 1.58197 -2.16714 -0.95840 -0.01689 0.00307 0.00000 -1.58657 2.16714 0.96761 0.00461
0.70958 0.31486 -0.50992 -0.82938 -0.31486 0.50377 0.00154 -0.00307 0.00307 0.00922 1.58197 -2.16714 -0.95840 -0.01689 0.00307 0.00000 -1.58657 2.16714 0.96607 0.00461
0.70958 0.31486 -0.50992 -0.82784 -0.31486 0.50377 0.00000 -0.00307 0.00307 0.00922 1.58043 -2.16714 -0.95840 -0.01689 0.00307 0.00000 -1.58657 2.16714 0.96607 0.00461
0.70958 0.31486 -0.50992 -0.82784 -0.31639 0.50377 0.00154 -0.00307 0.00307 0.01075 1.58197 -2.16714 -0.95840 -0.01689 0.00307 0.00000 -1.58657 2.16714 0.96607 0.00461
0.70958 0.31486 -0.50992 -0.82784 -0.31486 0.50377 0.00154 -0.00307 0.00307 0.00922 1.58197 -2.16714 -0.95840 -0.01689 0.00307 0.00000 -1.58657 2.16714 0.96607 0.00461
0.70958 0.31486 -0.50992 -0.82784 -0.31486 0.50377 0.00154 -0.00307 0.00307 0.01075 1.58197 -2.16714 -0.95840 -0.01689 0.00307 0.00000 -1.58504 2.16714 0.96761 0.00461
0.70958 0.31486 -0.50992 -0.82784 -0.31639 0.50377 0.00000 -0.00307 0.00307 0.00922 1.58197 -2.16714 -0.95840 -0.01689 0.00307 0.00000 -1.58657 2.16714 0.96607 0.00461
0.70958 0.31486 -0.50992 -0.82784 -0.31639 0.50377 0.00000 -0.00307 0.00307 0.00922 1.58197 -2.16714 -0.95840 -0.01689 0.00307 0.00000 -1.58657 2.16868 0.96607 0.00461
0.70958 0.31486 -0.50992 -0.82784 -0.31486 0.50377 0.00154 -0.00307 0.00307 0.00922 1.58197 -2.16714 -0.95840 -0.01689 0.00307 0.00000 -1.58657 2.16714 0.96607 0.00461
0.70958 0.31486 -0.50992 -0.82784 -0.31639 0.50377 0.00000 -0.00307 0.00307 0.00922 1.58043 -2.16868 -0.95840 -0.01689 0.00307 0.00000 -1.58657 2.16714 0.96607 0.00461
0.70958 0.31486 -0.50992 -0.82784 -0.31639 0.50377 0.00154 -0.00307 0.00307 0.01075 1.58197 -2.16868 -0.95840 -0.01689 0.00307 0.00000 -1.58657 2.16714 0.96607 0.00461
0.70958 0.31486 -0.50992 -0.82784 -0.31486 0.50377 0.00154 -0.00307 0.00307 0.00922 1.58197 -2.16714 -0.95840 -0.01689 0.00307 0.00000 -1.58657 2.16714 0.96607 0.00461
0.70958 0.31486 -0.50992 -0.82784 -0.31639 0.50377 0.00000 -0.00307 0.00307 0.00922 1.58197 -2.16868 -0.95840 -0.01689 0.00307 0.00000 -1.58657 2.16714 0.96607 0.00461
0.70958 0.31486 -0.50992 -0.82784 -0.31486 0.50377 0.00154 -0.00307 0.00307 0.01075 1.58197 -2.16714 -0.95840 -0.01689 0.00307 0.00000 -1.58657 2.16714 0.96607 0.00461
0.70958 0.31486 -0.50992 -0.82784 -0.31486 0.50377 0.00000 -0.00307 0.00307 0.01075 1.58043 -2.16714 -0.95840 -0.01689 0.00307 0.00000 -1.58657 2.16714 0.96607 0.00461
0.70958 0.31486 -0.50992 -0.82784 -0.31486 0.50377 0.00000 -0.00307 0.00307 0.00922 1.58043 -2.16714 -0.95840 -0.01689 0.00307 0.00000 -1.58657 2.16714 0.96607 0.00461
0.70958 0.31486 -0.50992 -0.82784 -0.31486 0.50377 0.00000 -0.00307 0.00307 0.00922 1.58197 -2.16714 -0.95840 -0.01689 0.00307 0.00000 -1.58657 2.16714 0.96607 0.00461
0.70958 0.31486 -0.50992 -0.82784 -0.31486 0.50377 0.00000 -0.00307 0.00307 0.00922 1.58043 -2.16714 -0.95840 -0.01689 0.00307 0.00000 -1.58504 2.16714 0.96607 0.00461
0.70958 0.31486 -0.50992 -0.82784 -0.31486 0.50377 0.00000 -0.00307 0.00307 0.01075 1.58197 -2.16714 -0.95840 -0.01689 0.00307 0.00000 -1.58657 2.16714 0.96607 0.00461
0.70958 0.31486 -0.50992 -0.82784 -0.31486 0.50377 0.00000 -0.00307 0.00307 0.01075 1.58197 -2.16714 -0.95840 -0.01689 0.00307 0.00000 -1.58657 2.16714 0.96607 0.00461
0.70958 0.31486 -0.50992 -0.82784 -0.31639 0.50377 0.00000 -0.00307 0.00307 0.01075 1.58197 -2.16714 -0.95840 -0.01689 0.00307 0.00000 -1.58657 2.16714 0.96607 0.00461
0.70958 0.31486 -0.50992 -0.82784 -0.31486 0.50377 0.00000 -0.00307 0.00307 0.00922 1.58197 -2.16714 -0.95840 -0.01689 0.00307 0.00000 -1.58657 2.16714 0.96607 0.00461
0.70958 0.31486 -0.50992 -0.82784 -0.31639 0.50377 0.00000 -0.00307 0.00461 0.00922 1.58043 -2.16714 -0.95840 -0.01689 0.00307 0.00000 -1.58657 2.16714 0.96607 0.00461
0.70958 0.31486 -0.50992 -0.82784 -0.31486 0.50377 0.00000 -0.00307 0.00307 0.01075 1.58197 -2.16714 -0.95840 -0.01689 0.00307 0.00000 -1.58657 2.16714 0.96607 0.00461
0.70958 0.31486 -0.50992 -0.82784 -0.31486 0.50377 0.00154 -0.00307 0.00307 0.01075 1.58197 -2.16714 -0.95840 -0.01689 0.00154 0.00000 -1.58657 2.16714 0.96607 0.00461
0.70958 0.31486 -0.50992 -0.82784 -0.31639 0.50377 0.00154 -0.00307 0.00307 0.00922 1.58043 -2.16714 -0.95840 -0.01689 0.00307 0.00000 -1.58657 2.16714 0.96607 0.00461
0.70958 0.31486 -0.50992 -0.82938 -0.31639 0.50377 0.00000 -0.00307 0.00307 0.01075 1.58043 -2.16714 -0.95840 -0.01536 0.00307 0.00000 -1.58657 2.16714 0.96607 0.00461
0.70958 0.31486 -0.50992 -0.82784 -0.31486 0.50377 0.00000 -0.00307 0.00307 0.01075 1.58197 -2.16714 -0.95840 -0.01689 0.00307 0.00000 -1.58657 2.16714 0.96607 0.00461
0.70958 0.31486 -0.50992 -0.82784 -0.31486 0.50377 0.00000 -0.00307 0.00307 0.00922 1.58197 -2.16714 -0.95840 -0.01689 0.00307 0.00000 -1.58657 2.16714 0.96607 0.00461
0.70958 0.31486 -0.50992 -0.82784 -0.31486 0.50377 0.00000 -0.00307 0.00307 0.01075 1.58197 -2.16714 -0.95840 -0.01689 0.00307 0.00000 -1.58657 2.16714 0.96607 0.00461
0.70958 0.31486 -0.50992 -0.82784 -0.31639 0.50377 0.00154 -0.00307 0.00307 0.00922 1.58197 -2.16714 -0.95840 -0.01689 0.00307 0.00000 -1.58657 2.16714 0.96607 0.00461
0.70958 0.31486 -0.50992 -0.82938 -0.31639 0.50377 0.00000 -0.00307 0.00461 0.01075 1.58197 -2.16714 -0.95840 -0.01689 0.00307 0.00000 -1.58657 2.16714 0.96607 0.00461
0.70958 0.31486 -0.50992 -0.82784 -0.31486 0.50377 0.00154 -0.00307 0.00307 0.00922 1.58197 -2.16714 -0.95840 -0.01689 0.00307 0.00000 -1.58657 2.16714 0.96607 0.00461
0.70958 0.31486 -0.50992 -0.82784 -0.31639 0.50377 0.00000 -0.00307 0.00307 0.01075 1.58197 -2.16714 -0.95840 -0.01689 0.00307 0.00000 -1.58657 2.16714 0.96607 0.00461
0.70958 0.31486 -0.50992 -0.82784 -0.31486 0.50377 0.00154 -0.00307 0.00307 0.00922 1.58197 -2.16560 -0.95840 -0.01689 0.00307 0.00000 -1.58657 2.16868 0.96607 0.00461
0.70958 0.31486 -0.50992 -0.82784 -0.31486 0.50377 0.00154 -0.00307 0.00307 0.01075 1.58197 -2.16714 -0.95840 -0.01689 0.00307 0.00000 -1.58657 2.16714 0.96607 0.00461
0.70958 0.31486 -0.50992 -0.82938 -0.31639 0.50377 0.00000 -0.00307 0.00461 0.01075 1.58197 -2.16714 -0.95840 -0.01689 0.00307 0.00000 -1.58657 2.16714 0.96607 0.00461
0.70958 0.31486 -0.50992 -0.82784 -0.31486 0.50377 0.00154 -0.00307 0.00307 0.01075 1.58197 -2.16714 -0.95840 -0.01689 0.00307 0.00000 -1.58657 2.16714 0.96607 0.00614
0.70958 0.31486 -0.50992 -0.82784 -0.31486 0.50377 0.00000 -0.00307 0.00307 0.01075 1.58197 -2.16714 -0.95840 -0.01689 0.00307 0.00000 -1.58657 2.16714 0.96761 0.00461
0.70958 0.31486 -0.50992 -0.82784 -0.31639 0.50377 0.00154 -0.00307 0.00307 0.00922 1.58197 -2.16714 -0.95840 -0.01689 0.00307 0.00000 -1.58657 2.16714 0.96607 0.00461
0.70958 0.31486 -0.50992 -0.82784 -0.31486 0.50377 0.00000 -0.00307 0.00307 0.01075 1.58197 -2.16714 -0.95840 -0.01689 0.00307 0.00000 -1.58657 2.16714 0.96607 0.00461
0.70958 0.31486 -0.50992 -0.82784 -0.31486 0.50377 0.00000 -0.00307 0.00307 0.00922 1.58197 -2.16714 -0.95840 -0.01689 0.00307 0.00000 -1.58657 2.16714 0.96607 0.00461
0.70958 0.31486 -0.50992 -0.82784 -0.31486 0.50377 0.00154 -0.00307 0.00461 0.00922 1.58197 -2.16714 -0.95840 -0.01689 0.00307 0.00000 -1.58657 2.16714 0.96607 0.00461
0.70958 0.31486 -0.50992 -0.82784 -0.31639 0.50377 0.00000 -0.00307 0.00307 0.01075 1.58197 -2.16714 -0.95840 -0.01689 0.00307 0.00000 -1.58657 2.16714 0.96761 0.00461
0.70958 0.31486 -0.50992 -0.82938 -0.31639 0.50377 0.00154 -0.00307 0.00307 0.00922 1.58197 -2.16714 -0.95840 -0.01689 0.00307 0.00000 -1.58657 2.16714 0.96607 0.00461
0.70958 0.31486 -0.50992 -0.82784 -0.31639 0.50377 0.00154 -0.00307 0.00307 0.00922 1.58197 -2.16714 -0.95840 -0.01689 0.00307 0.00000 -1.58657 2.16714 0.96607 0.00461
0.70958 0.31486 -0.50992 -0.82784 -0.31639 0.50377 0.00000 -0.00307 0.00307 0.00922 1.58197 -2.16714 -0.95840 -0.01689 0.00307 0.00000 -1.58657 2.16714 0.96607 0.00461
0.70958 0.31486 -0.50992 -0.82784 -0.31486 0.50377 0.00154 -0.00307 0.00307 0.00922 1.58197 -2.16714 -0.95840 -0.01689 0.00307 0.00000 -1.58657 2.16714 0.96607 0.00461
0.70958 0.31486 -0.50992 -0.82784 -0.31486 0.50377 0.00154 -0.00307 0.00307 0.00922 1.58197 -2.16868 -0.95840 -0.01689 0.00307 0.00000 -1.58657 2.16714 0.96607 0.00461
0.70958 0.31486 -0.50992 -0.82784 -0.31486 0.50377 0.00000 -0.00307 0.00307 0.01075 1.58197 -2.16868 -0.95840 -0.01689 0.00307 0.00000 -1.58657 2.16714 0.96607 0.00461
0.70958 0.31486 -0.50992 -0.82784 -0.31639 0.50377 0.00000 -0.00307 0.00307 0.00922 1.58197 -2.16868 -0.95686 -0.01689 0.00307 0.00000 -1.58657 2.16868 0.96607 0.00461
0.70958 0.31486 -0.50992 -0.82784 -0.31486 0.50377 0.00154 -0.00307 0.00307 0.01075 1.58197 -2.16868 -0.95840 -0.01689 0.00307 0.00000 -1.58504 2.16714 0.96607 0.00461
0.70958 0.31486 -0.50992 -0.82784 -0.31639 0.50377 0.00000 -0.00307 0.00307 0.01075 1.58197 -2.16714 -0.95840 -0.01689 0.00307 0.00000 -1.58657 2.16714 0.96761 0.00461
0.70958 0.31486 -0.50992 -0.82784 -0.31486 0.50377 0.00000 -0.00307 0.00307 0.01075 1.58197 -2.16714 -0.95840 -0.01689 0.00307 0.00000 -1.58657 2.16714 0.96607 0.00461
0.70958 0.31486 -0.50992 -0.82938 -0.31486 0.50377 0.00000 -0.00307 0.00307 0.01075 1.58197 -2.16714 -0.95840 -0.01689 0.00307 0.00000 -1.58657 2.16714 0.96607 0.00461
0.70958 0.31486 -0.50992 -0.82784 -0.31639 0.50377 0.00000 -0.00307 0.00307 0.00922 1.58197 -2.16714 -0.95840 -0.01689 0.00307 0.00000 -1.58657 2.16714 0.96607 0.00461
0.70958 0.31486 -0.50992 -0.82784 -0.31639 0.50531 0.00000 -0.00307 0.00307 0.00922 1.58197 -2.16714 -0.95840 -0.01689 0.00307 0.00000 -1.58657 2.16714 0.96607 0.00461
0.70958 0.31486 -0.50992 -0.82784 -0.31639 0.50377 0.00000 -0.00307 0.00307 0.01075 1.58043 -2.16868 -0.95840 -0.01689 0.00307 0.00000 -1.58657 2.16714 0.96607 0.00461
0.70958 0.31486 -0.50992 -0.82784 -0.31639 0.50377 0.00154 -0.00307 0.00307 0.01075 1.58043 -2.16714 -0.95840 -0.01689 0.00154 0.00000 -1.58657 2.16714 0.96607 0.00461
0.70958 0.31486 -0.50992 -0.82784 -0.31639 0.50377 0.00000 -0.00307 0.00307 0.00922 1.58197 -2.16714 -0.95840 -0.01689 0.00307 0.00000 -1.58657 2.16714 0.96607 0.00461
0.70958 0.31486 -0.50992 -0.82784 -0.31486 0.50377 0.00154 -0.00307 0.00307 0.00922 1.58197 -2.16714 -0.95840 -0.01689 0.00307 0.00000 -1.58657 2.16714 0.96607 0.00461
0.70958 0.31486 -0.50992 -0.82938 -0.31486 0.50377 0.00154 -0.00307 0.00307 0.00922 1.58197 -2.16714 -0.95840 -0.01689 0.00307 0.00000 -1.58657 2.16714 0.96607 0.00461
0.70958 0.31486 -0.50992 -0.82938 -0.31486 0.50377 0.00000 -0.00307 0.00307 0.01075 1.58197 -2.16714 -0.95686 -0.01689 0.00307 0.00000 -1.58657 2.16714 0.96607 0.00461
0.70958 0.31486 -0.50992 -0.82784 -0.31639 0.50377 0.00154 -0.00307 0.00307 0.01075 1.58197 -2.16868 -0.95840 -0.01689 0.00307 0.00000 -1.58657 2.16868 0.96607 0.00461
0.70958 0.31486 -0.50992 -0.82938 -0.31486 0.50377 0.00000 -0.00307 0.00307 0.01075 1.58197 -2.16714 -0.95840 -0.01689 0.00307 0.00000 -1.58657 2.16714 0.96607 0.00461
0.70958 0.31486 -0.50992 -0.82784 -0.31639 0.50377 0.00000 -0.00307 0.00307 0.00922 1.58197 -2.16714 -0.95840 -0.01689 0.00307 0.00000 -1.58657 2.16868 0.96761 0.00461
0.70958 0.31486 -0.50992 -0.82784 -0.31639 0.50377 0.00154 -0.00307 0.00307 0.01075 1.58197 -2.16714 -0.95840 -0.01689 0.00307 0.00000 -1.58657 2.16714 0.96607 0.00461
0.70958 0.31486 -0.50992 -0.82784 -0.31639 0.50377 0.00154 -0.00307 0.00307 0.01075 1.58043 -2.16714 -0.95840 -0.01689 0.00154 0.00000 -1.58657 2.16714 0.96607 0.00461
0.70958 0.31486 -0.50992 -0.82784 -0.31639 0.50377 0.00154 -0.00307 0.00307 0.00922 1.58197 -2.16714 -0.95840 -0.01689 0.00307 0.00000 -1.58657 2.16714 0.96607 0.00461
0.70958 0.31486 -0.50992 -0.82784 -0.31639 0.50377 0.00154 -0.00307 0.00307 0.01075 1.58197 -2.16714 -0.95840 -0.01689 0.00307 0.00000 -1.58657 2.16714 0.96607 0.00461
0.70958 0.31486 -0.50992 -0.82784 -0.31486 0.50377 0.00000 -0.00307 0.00307 0.00922 1.58197 -2.16714 -0.95840 -0.01689 0.00307 0.00000 -1.58657 2.16714 0.96607 0.00461
0.70958 0.31486 -0.50992 -0.82784 -0.31639 0.50377 0.00000 -0.00307 0.00461 0.00922 1.58197 -2.16714 -0.95840 -0.01689 0.00307 0.00000 -1.58657 2.16714 0.96607 0.00461
0.70958 0.31486 -0.50992 -0.82784 -0.31639 0.50377 0.00154 -0.00307 0.00461 0.01075 1.58197 -2.16714 -0.95840 -0.01689 0.00307 0.00000 -1.58657 2.16714 0.96607 0.00461
0.70958 0.31486 -0.50992 -0.82784 -0.31639 0.50377 0.00000 -0.00307 0.00307 0.00922 1.58197 -2.16714 -0.95840 -0.01689 0.00307 0.00000 -1.58657 2.16714 0.96607 0.00461
0.70958 0.31486 -0.50992 -0.82784 -0.31486 0.50377 0.00000 -0.00307 0.00307 0.01075 1.58197 -2.16714 -0.95840 -0.01689 0.00307 0.00000 -1.58657 2.16714 0.96607 0.00461
0.70805 0.31486 -0.50992 -0.82784 -0.31486 0.50377 0.00154 -0.00307 0.00307 0.00922 1.58197 -2.16714 -0.95840 -0.01689 0.00307 0.00000 -1.58657 2.16714 0.96607 0.00461
0.70958 0.31486 -0.50992 -0.82784 -0.31639 0.50377 0.00154 -0.00307 0.00307 0.00922 1.58043 -2.16714 -0.95686 -0.01689 0.00307 0.00000 -1.58657 2.16714 0.96607 0.00461
0.70958 0.31486 -0.50992 -0.82938 -0.31486 0.50377 0.00154 -0.00307 0.00307 0.00922 1.58197 -2.16714 -0.95840 -0.01689 0.00307 0.00000 -1.58504 2.16714 0.96607 0.00461
0.70958 0.31486 -0.50992 -0.82784 -0.31486 0.50377 0.00154 -0.00307 0.00307 0.00922 1.58043 -2.16714 -0.95840 -0.01689 0.00307 0.00000 -1.58657 2.16868 0.96607 0.00461
0.70958 0.31486 -0.50992 -0.82784 -0.31639 0.50377 0.00000 -0.00307 0.00307 0.00922 1.58043 -2.16714 -0.95840 -0.01689 0.00307 0.00000 -1.58657 2.16714 0.96607 0.00461
0.70958 0.31486 -0.50992 -0.82784 -0.31639 0.50531 0.00000 -0.00307 0.00307 0.00922 1.58043 -2.16714 -0.95840 -0.01536 0.00307 0.00000 -1.58657 2.16714 0.96607 0.00461
0.70958 0.31486 -0.50992 -0.82784 -0.31639 0.50377 0.00154 -0.00307 0.00461 0.01075 1.58197 -2.16714 -0.95840 -0.01689 0.00307 0.00000 -1.58657 2.16714 0.96607 0.00461
0.70958 0.31486 -0.50992 -0.82784 -0.31486 0.50377 0.00000 -0.00307 0.00307 0.01075 1.58197 -2.16714 -0.95840 -0.01689 0.00307 0.00000 -1.58657 2.16714 0.96607 0.00461
0.70958 0.31486 -0.50992 -0.82784 -0.31639 0.50377 0.00000 -0.00307 0.00307 0.00922 1.58197 -2.16714 -0.95840 -0.01689 0.00307 0.00000 -1.58657 2.16714 0.96761 0.00461
0.70958 0.31486 -0.50992 -0.82784 -0.31486 0.50377 0.00154 -0.00307 0.00307 0.00922 1.58197 -2.16714 -0.95840 -0.01536 0.00307 0.00000 -1.58657 2.16714 0.96607 0.00461
0.70958 0.31486 -0.50838 -0.82784 -0.31639 0.50377 0.00000 -0.00307 0.00307 0.00922 1.58197 -2.16714 -0.95840 -0.01689 0.00307 0.00000 -1.58657 2.16714 0.96607 0.00461
0.70958 0.31486 -0.50992 -0.82784 -0.31486 0.50377 0.00154 -0.00307 0.00307 0.00922 1.58197 -2.16714 -0.95840 -0.01689 0.00307 0.00000 -1.58657 2.16714 0.96607 0.00461
0.70958 0.31486 -0.50992 -0.82784 -0.31486 0.50377 0.00000 -0.00307 0.00461 0.00922 1.58197 -2.16714 -0.95840 -0.01689 0.00307 0.00000 -1.58657 2.16714 0.96607 0.00461
0.70958 0.31486 -0.50992 -0.82784 -0.31639 0.50377 0.00000 -0.00307 0.00307 0.00922 1.58043 -2.16714 -0.95686 -0.01689 0.00307 0.00000 -1.58657 2.16714 0.96761 0.00461
0.70958 0.31486 -0.50992 -0.82784 -0.31639 0.50377 0.00154 -0.00307 0.00307 0.00922 1.58197 -2.16714 -0.95840 -0.01689 0.00307 0.00000 -1.58657 2.16714 0.96607 0.00461
0.70958 0.31486 -0.50992 -0.82784 -0.31639 0.50377 0.00000 -0.00307 0.00307 0.01075 1.58197 -2.16714 -0.95840 -0.01689 0.00307 0.00000 -1.58657 2.16714 0.96607 0.00461
0.70958 0.31486 -0.50992 -0.82784 -0.31639 0.50377 0.00000 -0.00307 0.00307 0.00922 1.58197 -2.16714 -0.95840 -0.01689 0.00307 0.00000 -1.58657 2.16868 0.96607 0.00461
0.70958 0.31486 -0.50992 -0.82784 -0.31639 0.50377 0.00000 -0.00307 0.00307 0.01075 1.58197 -2.16714 -0.95840 -0.01689 0.00307 0.00000 -1.58657 2.16714 0.96607 0.00461
0.70958 0.31486 -0.50992 -0.82784 -0.31486 0.50531 0.00000 -0.00307 0.00307 0.00922 1.58197 -2.16868 -0.95840 -0.01689 0.00307 0.00000 -1.58657 2.16714 0.96607 0.00461
0.70958 0.31486 -0.50992 -0.82784 -0.31486 0.50377 0.00000 -0.00307 0.00307 0.00922 1.58197 -2.16714 -0.95840 -0.01689 0.00307 0.00000 -1.58657 2.16714 0.96607 0.00461
0.70958 0.31486 -0.50992 -0.82784 -0.31639 0.50377 0.00000 -0.00307 0.00307 0.00922 1.58197 -2.16714 -0.95840 -0.01689 0.00307 0.00000 -1.58657 2.16714 0.96607 0.00461
0.70958 0.31486 -0.50992 -0.82938 -0.31639 0.50377 0.00000 -0.00307 0.00461 0.00922 1.58197 -2.16714 -0.95840 -0.01689 0.00307 0.00000 -1.58657 2.16714 0.96607 0.00461
0.70958 0.31486 -0.50992 -0.82784 -0.31639 0.50377 0.00000 -0.00307 0.00307 0.01075 1.58043 -2.16714 -0.95840 -0.01689 0.00307 0.00000 -1.58657 2.16714 0.96607 0.00461
0.70958 0.31486 -0.50992 -0.82784 -0.31486 0.50377 0.00000 -0.00307 0.00307 0.01075 1.58197 -2.16714 -0.95840 -0.01689 0.00307 0.00000 -1.58657 2.16714 0.96607 0.00461
0.70958 0.31486 -0.50992 -0.82784 -0.31639 0.50377 0.00000 -0.00307 0.00307 0.01075 1.58043 -2.16714 -0.95840 -0.01689 0.00307 0.00000 -1.58657 2.16714 0.96607 0.00461
0.70958 0.31486 -0.50992 -0.82784 -0.31639 0.50377 0.00154 -0.00307 0.00307 0.00922 1.58197 -2.16714 -0.95840 -0.01689 0.00307 0.00000 -1.58657 2.16714 0.96607 0.00461
0.70958 0.31486 -0.50992 -0.82784 -0.31486 0.50377 0.00000 -0.00307 0.00307 0.01075 1.58197 -2.16714 -0.95840 -0.01689 0.00307 0.00000 -1.58657 2.16714 0.96607 0.00461
0.70958 0.31486 -0.50992 -0.82784 -0.31486 0.50377 0.00154 -0.00307 0.00307 0.01075 1.58043 -2.16714 -0.95840 -0.01689 0.00307 0.00000 -1.58657 2.16868 0.96607 0.00461
0.70958 0.31486 -0.50992 -0.82784 -0.31486 0.50377 0.00154 -0.00307 0.00307 0.01075 1.58197 -2.16714 -0.95840 -0.01689 0.00307 0.00000 -1.58657 2.16714 0.96607 0.00461
0.70958 0.31486 -0.50992 -0.82784 -0.31639 0.50377 0.00000 -0.00307 0.00307 0.00922 1.58043 -2.16714 -0.95840 -0.01689 0.00307 0.00000 -1.58657 2.16714 0.96607 0.00461
0.70958 0.31486 -0.50992 -0.82784 -0.31639 0.50531 0.00000 -0.00307 0.00307 0.01075 1.58197 -2.16714 -0.95840 -0.01689 0.00307 0.00000 -1.58657 2.16868 0.96607 0.00461
0.70958 0.31486 -0.50992 -0.82784 -0.31486 0.50377 0.00154 -0.00307 0.00307 0.00922 1.58197 -2.16714 -0.95840 -0.01536 0.00307 0.00000 -1.58657 2.16714 0.96607 0.00461
0.70958 0.31486 -0.50992 -0.82784 -0.31639 0.50377 0.00000 -0.00307 0.00307 0.01075 1.58197 -2.16868 -0.95840 -0.01689 0.00307 0.00000 -1.58657 2.16714 0.96607 0.00461
0.70958 0.31486 -0.50992 -0.82784 -0.31486 0.50377 0.00000 -0.00307 0.00307 0.00922 1.58197 -2.16714 -0.95840 -0.01689 0.00307 0.00000 -1.58657 2.16714 0.96761 0.00461
0.70958 0.31486 -0.50992 -0.82784 -0.31486 0.50377 0.00000 -0.00307 0.00461 0.01075 1.58197 -2.16868 -0.95840 -0.01689 0.00307 0.00000 -1.58657 2.16714 0.96607 0.00461
0.70958 0.31486 -0.50992 -0.82784 -0.31486 0.50377 0.00000 -0.00307 0.00307 0.00922 1.58197 -2.16714 -0.95840 -0.01689 0.00307 0.00000 -1.58657 2.16714 0.96607 0.00461
0.70958 0.31486 -0.50992 -0.82784 -0.31639 0.50377 0.00154 -0.00307 0.00307 0.00922 1.58197 -2.16714 -0.95840 -0.01689 0.00307 0.00000 -1.58504 2.16868 0.96607 0.00461
0.70958 0.31486 -0.50992 -0.82784 -0.31639 0.50377 0.00000 -0.00307 0.00461 0.01075 1.58197 -2.16714 -0.95840 -0.01689 0.00307 0.00000 -1.58657 2.16714 0.96607 0.00461
0.70958 0.31486 -0.50992 -0.82784 -0.31486 0.50377 0.00000 -0.00307 0.00461 0.00922 1.58043 -2.16868 -0.95840 -0.01689 0.00307 0.00000 -1.58657 2.16714 0.96607 0.00461
0.70958 0.31486 -0.50992 -0.82784 -0.31486 0.50377 0.00000 -0.00307 0.00307 0.00922 1.58197 -2.16714 -0.95840 -0.01689 0.00307 0.00000 -1.58657 2.16714 0.96607 0.00461
0.70805 0.31486 -0.50992 -0.82938 -0.31486 0.50377 0.00000 -0.00307 0.00461 0.01075 1.58197 -2.16714 -0.95840 -0.01689 0.00307 0.00000 -1.58504 2.16714 0.96607 0.00461
0.70958 0.31486 -0.50992 -0.82784 -0.31639 0.50377 0.00000 -0.00307 0.00461 0.00922 1.58197 -2.16714 -0.95840 -0.01536 0.00307 0.00000 -1.58657 2.16714 0.96607 0.00461
0.70958 0.31486 -0.50992 -0.82784 -0.31486 0.50377 0.00000 -0.00307 0.00307 0.00922 1.58043 -2.16714 -0.95840 -0.01689 0.00307 0.00000 -1.58657 2.16714 0.96607 0.00461
0.70958 0.31486 -0.50992 -0.82784 -0.31639 0.50377 0.00000 -0.00307 0.00307 0.01075 1.58197 -2.16714 -0.95840 -0.01689 0.00307 0.00000 -1.58657 2.16714 0.96607 0.00461
0.70958 0.31486 -0.50992 -0.82784 -0.31639 0.50377 0.00154 -0.00307 0.00307 0.00922 1.58197 -2.16714 -0.95840 -0.01689 0.00307 0.00000 -1.58657 2.16714 0.96607 0.00461
0.70958 0.31486 -0.50992 -0.82938 -0.31639 0.50377 0.00000 -0.00307 0.00307 0.00922 1.58197 -2.16714 -0.95840 -0.01689 0.00307 0.00000 -1.58657 2.16714 0.96607 0.00461
0.70958 0.31486 -0.50992 -0.82938 -0.31639 0.50377 0.00000 -0.00307 0.00307 0.00922 1.58197 -2.16714 -0.95840 -0.01689 0.00307 0.00000 -1.58504 2.16714 0.96607 0.00461
0.70958 0.31486 -0.50992 -0.82784 -0.31486 0.50377 0.00154 -0.00307 0.00307 0.01075 1.58197 -2.16714 -0.95840 -0.01689 0.00307 0.00000 -1.58657 2.16868 0.96607 0.00461
0.70958 0.31486 -0.50992 -0.82784 -0.31486 0.50377 0.00154 -0.00307 0.00307 0.01075 1.58197 -2.16714 -0.95840 -0.01689 0.00307 0.00000 -1.58657 2.16714 0.96607 0.00461
0.70958 0.31486 -0.50992 -0.82784 -0.31486 0.50377 0.00000 -0.00307 0.00307 0.00922 1.58197 -2.16714 -0.95840 -0.01689 0.00307 0.00000 -1.58657 2.16714 0.96607 0.00461
0.70958 0.31486 -0.50992 -0.82784 -0.31639 0.50377 0.00154 -0.00307 0.00307 0.01075 1.58043 -2.16714 -0.95840 -0.01689 0.00307 0.00000 -1.58657 2.16714 0.96607 0.00461
0.70958 0.31486 -0.50992 -0.82938 -0.31639 0.50377 0.00154 -0.00307 0.00307 0.00922 1.58043 -2.16714 -0.95840 -0.01689 0.00307 0.00000 -1.58657 2.16714 0.96607 0.00461
0.70958 0.31486 -0.50992 -0.82784 -0.31486 0.50377 0.00154 -0.00307 0.00307 0.00922 1.58197 -2.16714 -0.95840 -0.01689 0.00307 0.00000 -1.58657 2.16714 0.96607 0.00461
0.70958 0.31486 -0.50992 -0.82784 -0.31639 0.50377 0.00154 -0.00307 0.00307 0.01075 1.58197 -2.16714 -0.95840 -0.01689 0.00307 0.00000 -1.58657 2.16714 0.96607 0.00461
0.70958 0.31486 -0.50992 -0.82784 -0.31639 0.50377 0.00000 -0.00307 0.00307 0.01075 1.58197 -2.16714 -0.95840 -0.01689 0.00307 0.00000 -1.58657 2.16714 0.96607 0.00461
0.70958 0.31486 -0.50992 -0.82784 -0.31639 0.50377 0.00154 -0.00307 0.00307 0.00922 1.58197 -2.16714 -0.95840 -0.01689 0.00307 0.00000 -1.58657 2.16714 0.96607 0.00461
0.70805 0.31486 -0.50992 -0.82784 -0.31486 0.50377 0.00154 -0.00307 0.00461 0.01075 1.58197 -2.16714 -0.95840 -0.01689 0.00307 0.00000 -1.58657 2.16868 0.96607 0.00461
0.70958 0.31486 -0.50992 -0.82784 -0.31486 0.50377 0.00000 -0.00307 0.00307 0.00922 1.58197 -2.16714 -0.95840 -0.01689 0.00307 0.00000 -1.58657 2.16714 0.96607 0.00461
0.70958 0.31486 -0.50992 -0.82784 -0.31639 0.50377 0.00000 -0.00307 0.00461 0.00922 1.58197 -2.16714 -0.95840 -0.01689 0.00307 0.00000 -1.58657 2.16714 0.96607 0.00461
0.70958 0.31486 -0.50992 -0.82784 -0.31639 0.50377 0.00000 -0.00307 0.00307 0.00922 1.58197 -2.16714 -0.95840 -0.01689 0.00307 0.00000 -1.58657 2.16868 0.96607 0.00461
0.70958 0.31486 -0.50992 -0.82784 -0.31639 0.50377 0.00154 -0.00307 0.00307 0.00922 1.58197 -2.16714 -0.95840 -0.01689 0.00307 0.00000 -1.58657 2.16714 0.96607 0.00461
0.70958 0.31486 -0.50992 -0.82784 -0.31486 0.50377 0.00154 -0.00307 0.00307 0.00922 1.58197 -2.16714 -0.95840 -0.01689 0.00307 0.00000 -1.58657 2.16868 0.96607 0.00461
0.70958 0.31486 -0.50992 -0.82784 -0.31486 0.50377 0.00154 -0.00307 0.00307 0.01075 1.58043 -2.16714 -0.95686 -0.01689 0.00307 0.00000 -1.58657 2.16714 0.96607 0.00461
0.70958 0.31486 -0.50992 -0.82938 -0.31486 0.50377 0.00154 -0.00307 0.00307 0.00922 1.58197 -2.16714 -0.95840 -0.01689 0.00307 0.00000 -1.58657 2.16714 0.96607 0.00461
0.70805 0.31486 -0.50992 -0.82784 -0.31639 0.50377 0.00000 -0.00307 0.00307 0.01075 1.58197 -2.16714 -0.95840 -0.01689 0.00307 0.00000 -1.58657 2.16714 0.96607 0.00461
0.70958 0.31486 -0.50992 -0.82784 -0.31486 0.50377 0.00000 -0.00307 0.00307 0.01075 1.58197 -2.16714 -0.95840 -0.01689 0.00307 0.00000 -1.58657 2.16714 0.96607 0.00461
0.70958 0.31486 -0.50992 -0.82784 -0.31639 0.50377 0.00154 -0.00307 0.00307 0.00922 1.58197 -2.16714 -0.95840 -0.01689 0.00307 0.00000 -1.58657 2.16714 0.96607 0.00461
0.70958 0.31486 -0.50992 -0.82784 -0.31639 0.50377 0.00000 -0.00307 0.00307 0.01075 1.58197 -2.16714 -0.95840 -0.01689 0.00307 0.00000 -1.58657 2.16714 0.96607 0.00461
0.70958 0.31486 -0.50992 -0.82784 -0.31639 0.50377 0.00000 -0.00307 0.00307 0.01075 1.58197 -2.16714 -0.95840 -0.01689 0.00307 0.00000 -1.58657 2.16714 0.96607 0.00461
0.70958 0.31486 -0.50992 -0.82784 -0.31486 0.50531 0.00154 -0.00307 0.00461 0.00922 1.58197 -2.16868 -0.95686 -0.01689 0.00307 0.00000 -1.58657 2.16714 0.96607 0.00461
0.70805 0.31486 -0.50992 -0.82784 -0.31486 0.50377 0.00154 -0.00307 0.00307 0.01075 1.58043 -2.16714 -0.95840 -0.01689 0.00307 0.00000 -1.58657 2.16714 0.96607 0.00461
