0.71265 0.31486 -0.51145 -0.83860 -0.31486 0.50838 -0.00307 -0.00461 0.00307 0.00000 1.58043 -2.16560 -0.95379 -0.01997 0.00000 0.01075 -1.58350 2.16407 0.96607 0.00614
0.71265 0.31486 -0.50992 -0.83860 -0.31486 0.50838 -0.00307 -0.00461 0.00307 0.00000 1.58197 -2.16560 -0.95379 -0.01997 -0.00154 0.01075 -1.58350 2.16407 0.96607 0.00614
0.71265 0.31486 -0.50992 -0.83706 -0.31486 0.50838 -0.00461 -0.00461 0.00307 0.00000 1.58043 -2.16560 -0.95379 -0.01997 -0.00154 0.01075 -1.58197 2.16407 0.96607 0.00614
0.71419 0.31486 -0.50992 -0.83860 -0.31639 0.50838 -0.00307 -0.00461 0.00307 0.00000 1.58043 -2.16560 -0.95379 -0.01997 -0.00154 0.01075 -1.58350 2.16407 0.96607 0.00614
0.71419 0.31486 -0.51145 -0.83860 -0.31486 0.50838 -0.00461 -0.00461 0.00307 0.00000 1.57889 -2.16560 -0.95379 -0.01997 -0.00154 0.01075 -1.57889 2.16407 0.96607 0.00614
0.71419 0.31486 -0.50992 -0.83706 -0.31639 0.50838 -0.00307 -0.00461 0.00307 0.00000 1.57275 -2.16560 -0.95379 -0.01997 -0.00154 0.01075 -1.57429 2.16407 0.96607 0.00614
0.71419 0.31486 -0.50992 -0.83860 -0.31639 0.50838 -0.00461 -0.00461 0.00307 0.00154 1.56354 -2.16560 -0.95225 -0.01997 -0.00154 0.00922 -1.56507 2.16407 0.96607 0.00614
0.71265 0.31486 -0.50992 -0.83706 -0.31486 0.50838 -0.00461 -0.00461 0.00307 0.00000 1.55278 -2.16560 -0.95072 -0.01997 -0.00154 0.01075 -1.55432 2.16407 0.96300 0.00614
0.71419 0.31486 -0.50992 -0.83706 -0.31486 0.50838 -0.00461 -0.00307 0.00307 0.00154 1.54203 -2.16560 -0.94611 -0.01997 -0.00154 0.01075 -1.54357 2.16407 0.95993 0.00614
0.71419 0.31486 -0.50992 -0.83706 -0.31639 0.50838 -0.00461 -0.00461 0.00307 0.00000 1.52975 -2.16560 -0.93843 -0.01843 -0.00154 0.01075 -1.53128 2.16407 0.95225 0.00768
0.71419 0.31486 -0.50992 -0.83860 -0.31639 0.50838 -0.00307 -0.00461 0.00461 0.00000 1.51746 -2.16560 -0.93075 -0.01997 -0.00154 0.00922 -1.52053 2.16407 0.94457 0.00614
0.71265 0.31486 -0.51145 -0.83706 -0.31486 0.50838 -0.00307 -0.00461 0.00307 0.00000 1.50517 -2.16407 -0.91846 -0.01997 0.00000 0.01075 -1.50671 2.16407 0.93229 0.00461
0.71265 0.31486 -0.51145 -0.83706 -0.31639 0.50838 -0.00307 -0.00461 0.00307 0.00000 1.49135 -2.16560 -0.90617 -0.01843 -0.00154 0.01075 -1.49288 2.16253 0.92153 0.00461
0.71419 0.31486 -0.50992 -0.83706 -0.31639 0.50838 -0.00461 -0.00461 0.00307 0.00000 1.47445 -2.16560 -0.89389 -0.01843 -0.00154 0.01075 -1.47753 2.16253 0.90925 0.00461
0.71265 0.31486 -0.50992 -0.83706 -0.31486 0.50838 -0.00307 -0.00461 0.00307 0.00000 1.45602 -2.16560 -0.88467 -0.01843 -0.00154 0.01075 -1.46370 2.15946 0.89542 0.00461
0.71419 0.31486 -0.50992 -0.83860 -0.31486 0.50838 -0.00307 -0.00461 0.00154 0.00000 1.44066 -2.16407 -0.87392 -0.01689 -0.00154 0.00922 -1.44527 2.15793 0.88774 0.00461
0.71419 0.31486 -0.50992 -0.83860 -0.31486 0.50838 -0.00461 -0.00461 0.00154 0.00000 1.42838 -2.16560 -0.86778 -0.01536 -0.00154 0.01075 -1.43299 2.15793 0.87853 0.00461
0.71419 0.31486 -0.50992 -0.83706 -0.31639 0.50838 -0.00461 -0.00461 0.00154 0.00000 1.41763 -2.16407 -0.86163 -0.01536 -0.00154 0.01075 -1.42223 2.15639 0.87392 0.00614
0.71265 0.31486 -0.51145 -0.83706 -0.31639 0.50838 -0.00461 -0.00461 0.00000 0.00000 1.40688 -2.15178 -0.85549 -0.01536 -0.00307 0.01075 -1.41148 2.14564 0.86778 0.00461
0.71419 0.31486 -0.50992 -0.83706 -0.31639 0.50838 -0.00461 -0.00461 0.00000 0.00000 1.39612 -2.13335 -0.84781 -0.01689 -0.00307 0.00922 -1.40227 2.12874 0.86163 0.00614
0.71419 0.31486 -0.51145 -0.83860 -0.31486 0.50684 -0.00461 -0.00461 -0.00154 0.00000 1.38691 -2.11953 -0.84781 -0.01689 -0.00307 0.00922 -1.39459 2.11646 0.86010 0.00461
0.71419 0.31486 -0.50992 -0.83860 -0.31639 0.50684 -0.00461 -0.00461 -0.00154 0.00000 1.37923 -2.10263 -0.84628 -0.01843 -0.00307 0.00922 -1.38844 2.10110 0.85856 0.00461
0.71419 0.31486 -0.50992 -0.83860 -0.31639 0.50684 -0.00307 -0.00307 -0.00154 0.00000 1.36848 -2.08113 -0.84320 -0.01843 -0.00307 0.01075 -1.37923 2.07806 0.85549 0.00461
0.71419 0.31486 -0.50992 -0.83860 -0.31639 0.50838 -0.00461 -0.00461 -0.00154 0.00000 1.36233 -2.06270 -0.84013 -0.01843 -0.00307 0.00922 -1.37001 2.05809 0.85088 0.00461
0.71419 0.31486 -0.50992 -0.83860 -0.31639 0.50838 -0.00461 -0.00461 0.00000 0.00000 1.35619 -2.05195 -0.84013 -0.01689 -0.00307 0.00922 -1.36541 2.04581 0.84781 0.00461
0.71265 0.31486 -0.51145 -0.83860 -0.31639 0.50838 -0.00461 -0.00461 0.00000 0.00000 1.34851 -2.04120 -0.83860 -0.01382 -0.00307 0.00922 -1.35465 2.03352 0.84474 0.00461
0.71419 0.31486 -0.50992 -0.83706 -0.31639 0.50684 -0.00307 -0.00461 0.00000 0.00000 1.33776 -2.02737 -0.83399 -0.01382 -0.00307 0.00922 -1.34083 2.01816 0.84013 0.00461
0.71419 0.31486 -0.51145 -0.83860 -0.31639 0.50838 -0.00461 -0.00461 0.00000 0.00000 1.32547 -2.01048 -0.82784 -0.01229 -0.00307 0.00768 -1.33008 2.00126 0.83399 0.00614
0.71265 0.31486 -0.50992 -0.83860 -0.31486 0.50838 -0.00461 -0.00461 0.00000 0.00000 1.31626 -2.00434 -0.82324 -0.01382 -0.00307 0.00768 -1.32240 1.99666 0.82938 0.00461
0.71419 0.31486 -0.50992 -0.83706 -0.31639 0.50838 -0.00307 -0.00461 0.00000 0.00000 1.30858 -2.00126 -0.82017 -0.01536 -0.00307 0.00768 -1.31472 1.99512 0.82784 0.00461
0.71419 0.31486 -0.50992 -0.83706 -0.31639 0.50838 -0.00461 -0.00461 0.00000 0.00000 1.29936 -2.00126 -0.81402 -0.01536 -0.00307 0.00768 -1.30551 1.99512 0.82477 0.00461
0.71419 0.31486 -0.51145 -0.83860 -0.31486 0.50838 -0.00461 -0.00461 0.00000 0.00000 1.28861 -2.00126 -0.80788 -0.01536 -0.00307 0.00768 -1.29322 1.99512 0.81709 0.00461
0.71265 0.31486 -0.50992 -0.83860 -0.31486 0.50838 -0.00461 -0.00461 0.00000 0.00000 1.27479 -1.99819 -0.79866 -0.01382 -0.00307 0.00768 -1.28093 1.99358 0.81095 0.00614
0.71419 0.31486 -0.50992 -0.83860 -0.31639 0.50838 -0.00461 -0.00461 0.00000 0.00000 1.26250 -1.98591 -0.78638 -0.01689 -0.00307 0.00768 -1.26864 1.98283 0.80173 0.00614
0.71265 0.31486 -0.51145 -0.83706 -0.31639 0.50838 -0.00307 -0.00307 0.00000 0.00000 1.24868 -1.97055 -0.77716 -0.01689 -0.00307 0.00768 -1.25943 1.97055 0.79252 0.00614
0.71419 0.31486 -0.50992 -0.83860 -0.31639 0.50838 -0.00307 -0.00461 0.00000 0.00000 1.23793 -1.95058 -0.76794 -0.01997 -0.00461 0.00614 -1.25175 1.95519 0.78791 0.00768
0.71419 0.31486 -0.51145 -0.83706 -0.31639 0.50838 -0.00461 -0.00461 0.00000 0.00000 1.22564 -1.93061 -0.76641 -0.02150 -0.00461 0.00461 -1.24253 1.93522 0.78330 0.00614
0.71419 0.31486 -0.51145 -0.83860 -0.31639 0.50838 -0.00461 -0.00461 0.00154 0.00000 1.21950 -1.92293 -0.76794 -0.02150 -0.00461 0.00614 -1.23639 1.92601 0.78330 0.00614
0.71419 0.31486 -0.51145 -0.83860 -0.31639 0.50838 -0.00461 -0.00461 0.00307 0.00000 1.21182 -1.90604 -0.76487 -0.01997 -0.00307 0.00461 -1.22718 1.90758 0.78023 0.00614
0.71419 0.31486 -0.50992 -0.83860 -0.31486 0.50838 -0.00307 -0.00461 0.00154 0.00000 1.20107 -1.88914 -0.76334 -0.01689 -0.00461 0.00307 -1.21642 1.88607 0.77409 0.00614
0.71265 0.31486 -0.50992 -0.83706 -0.31639 0.50838 -0.00461 -0.00461 0.00307 0.00000 1.19339 -1.86918 -0.76027 -0.01536 -0.00307 0.00307 -1.20721 1.86457 0.76948 0.00614
0.71419 0.31486 -0.51145 -0.83706 -0.31639 0.50684 -0.00307 -0.00461 0.00307 -0.00154 1.18724 -1.85689 -0.75873 -0.01536 -0.00307 0.00307 -1.19953 1.85228 0.76794 0.00614
0.71419 0.31486 -0.51145 -0.83860 -0.31639 0.50684 -0.00461 -0.00307 0.00307 0.00000 1.17803 -1.84307 -0.75719 -0.01536 -0.00307 0.00307 -1.19031 1.83846 0.76641 0.00614
0.71419 0.31486 -0.50992 -0.83860 -0.31639 0.50838 -0.00307 -0.00461 0.00307 0.00000 1.16728 -1.82464 -0.75105 -0.01536 -0.00307 0.00307 -1.17956 1.82157 0.76180 0.00614
0.71265 0.31486 -0.50992 -0.83860 -0.31486 0.50838 -0.00307 -0.00307 0.00307 -0.00154 1.15652 -1.80774 -0.74491 -0.01689 -0.00307 0.00154 -1.17035 1.80313 0.75719 0.00614
0.71419 0.31486 -0.50992 -0.83860 -0.31486 0.50838 -0.00461 -0.00307 0.00307 0.00000 1.14885 -1.80160 -0.74337 -0.01843 -0.00307 0.00307 -1.16420 1.79853 0.75566 0.00614
0.71419 0.31486 -0.50992 -0.83860 -0.31639 0.50684 -0.00461 -0.00461 0.00307 0.00000 1.14270 -1.80160 -0.74183 -0.01843 -0.00461 0.00307 -1.15652 1.80006 0.75412 0.00614
0.71419 0.31486 -0.50992 -0.83860 -0.31639 0.50838 -0.00307 -0.00307 0.00307 0.00000 1.13195 -1.80160 -0.73876 -0.01689 -0.00307 0.00307 -1.14424 1.79546 0.74798 0.00614
0.71419 0.31486 -0.50992 -0.83860 -0.31639 0.50838 -0.00461 -0.00307 0.00307 -0.00154 1.11813 -1.79238 -0.72648 -0.01536 -0.00307 0.00307 -1.13041 1.78624 0.73876 0.00614
0.71419 0.31486 -0.50992 -0.83706 -0.31486 0.50838 -0.00461 -0.00461 0.00307 0.00000 1.10584 -1.78163 -0.71726 -0.01382 -0.00461 0.00307 -1.11659 1.77395 0.72801 0.00922
0.71265 0.31486 -0.50992 -0.83706 -0.31486 0.50838 -0.00461 -0.00461 0.00154 -0.00154 1.09355 -1.76781 -0.70651 -0.01382 -0.00307 0.00154 -1.10584 1.76013 0.72033 0.01075
0.71419 0.31486 -0.51145 -0.83860 -0.31639 0.50838 -0.00461 -0.00307 0.00307 -0.00154 1.08434 -1.75245 -0.70190 -0.01536 -0.00461 0.00154 -1.09663 1.74784 0.71572 0.00922
0.71265 0.31486 -0.51145 -0.83706 -0.31639 0.50838 -0.00307 -0.00307 0.00307 -0.00154 1.07512 -1.74170 -0.70037 -0.01689 -0.00307 0.00307 -1.08895 1.73709 0.71572 0.00922
0.71265 0.31486 -0.50992 -0.83860 -0.31639 0.50684 -0.00307 -0.00307 0.00307 -0.00154 1.06744 -1.72941 -0.70037 -0.01689 -0.00307 0.00154 -1.08127 1.72634 0.71572 0.00922
0.71419 0.31486 -0.50992 -0.83860 -0.31486 0.50838 -0.00461 -0.00307 0.00461 0.00000 1.05823 -1.71098 -0.69576 -0.01843 -0.00461 0.00307 -1.07205 1.71252 0.71265 0.00768
0.71419 0.31486 -0.50992 -0.83860 -0.31639 0.50838 -0.00461 -0.00307 0.00307 -0.00154 1.04748 -1.69101 -0.68961 -0.01843 -0.00461 0.00307 -1.06284 1.69255 0.70651 0.00768
0.71419 0.31486 -0.50992 -0.83706 -0.31486 0.50838 -0.00461 -0.00307 0.00154 0.00000 1.03673 -1.67258 -0.68501 -0.01843 -0.00307 0.00307 -1.05208 1.67412 0.70190 0.00922
0.71419 0.31486 -0.50992 -0.83860 -0.31639 0.50838 -0.00461 -0.00307 0.00307 0.00000 1.02905 -1.66644 -0.68501 -0.01843 -0.00461 0.00154 -1.04594 1.66644 0.70190 0.00768
0.71419 0.31486 -0.51145 -0.83706 -0.31639 0.50838 -0.00307 -0.00461 0.00461 -0.00154 1.02290 -1.66337 -0.68501 -0.01689 -0.00461 0.00307 -1.03826 1.66337 0.69883 0.00768
0.71419 0.31486 -0.51145 -0.83706 -0.31639 0.50838 -0.00307 -0.00307 0.00307 -0.00154 1.01369 -1.65723 -0.68040 -0.01536 -0.00307 0.00154 -1.02905 1.65415 0.69269 0.00922
0.71265 0.31486 -0.50992 -0.83706 -0.31639 0.50838 -0.00461 -0.00461 0.00307 -0.00154 1.00140 -1.64494 -0.67118 -0.01382 -0.00461 0.00307 -1.01522 1.63879 0.68347 0.00922
0.71265 0.31486 -0.51145 -0.83860 -0.31486 0.50684 -0.00307 -0.00307 0.00307 0.00000 0.99065 -1.62804 -0.66043 -0.01229 -0.00307 0.00154 -1.00294 1.62036 0.67579 0.01229
0.71419 0.31486 -0.50992 -0.83860 -0.31639 0.50838 -0.00461 -0.00307 0.00154 -0.00154 0.97836 -1.61729 -0.65736 -0.01229 -0.00307 0.00154 -0.99372 1.60961 0.66965 0.01075
0.71419 0.31486 -0.51145 -0.83860 -0.31486 0.50838 -0.00461 -0.00307 0.00307 0.00000 0.97068 -1.61115 -0.65582 -0.01229 -0.00307 0.00154 -0.98451 1.60500 0.66811 0.00922
0.71265 0.31486 -0.51145 -0.83860 -0.31639 0.50838 -0.00461 -0.00461 0.00307 -0.00154 0.96300 -1.60347 -0.65275 -0.01382 -0.00307 0.00154 -0.97683 1.59733 0.66504 0.00922
0.71419 0.31486 -0.50992 -0.83860 -0.31639 0.50838 -0.00307 -0.00307 0.00307 -0.00154 0.95225 -1.58657 -0.64661 -0.01382 -0.00461 0.00154 -0.96607 1.58504 0.66043 0.00922
0.71419 0.31486 -0.51145 -0.83860 -0.31639 0.50684 -0.00461 -0.00307 0.00154 -0.00154 0.94150 -1.57275 -0.64047 -0.01536 -0.00461 0.00154 -0.95840 1.57122 0.65429 0.00922
0.71419 0.31486 -0.50992 -0.83860 -0.31486 0.50684 -0.00307 -0.00461 0.00154 -0.00154 0.93075 -1.54971 -0.63279 -0.01689 -0.00461 0.00154 -0.94611 1.54971 0.64968 0.00922
0.71265 0.31486 -0.50992 -0.83860 -0.31639 0.50838 -0.00307 -0.00307 0.00307 0.00000 0.92153 -1.53589 -0.62971 -0.01843 -0.00307 0.00154 -0.93843 1.53896 0.64815 0.00922
0.71419 0.31486 -0.51145 -0.83706 -0.31639 0.50838 -0.00461 -0.00307 0.00307 -0.00154 0.91232 -1.52360 -0.62818 -0.01843 -0.00307 0.00154 -0.93075 1.52667 0.64661 0.00768
0.71419 0.31486 -0.51145 -0.83860 -0.31639 0.50838 -0.00461 -0.00307 0.00461 -0.00154 0.90310 -1.51285 -0.62664 -0.01689 -0.00307 0.00154 -0.92000 1.51285 0.64354 0.00768
0.71419 0.31486 -0.50992 -0.83860 -0.31639 0.50838 -0.00461 -0.00307 0.00154 -0.00154 0.89235 -1.49596 -0.62204 -0.01536 -0.00461 0.00154 -0.90925 1.49288 0.63586 0.00768
0.71419 0.31486 -0.51145 -0.83860 -0.31639 0.50838 -0.00461 -0.00307 0.00154 -0.00154 0.88314 -1.48367 -0.61896 -0.01229 -0.00461 0.00154 -0.89850 1.47599 0.63125 0.00922
0.71419 0.31486 -0.50992 -0.83860 -0.31639 0.50838 -0.00307 -0.00307 0.00307 -0.00154 0.87699 -1.47445 -0.61743 -0.01075 -0.00461 0.00154 -0.88928 1.46370 0.62818 0.00922
0.71419 0.31486 -0.51145 -0.83860 -0.31639 0.50838 -0.00461 -0.00461 0.00307 0.00000 0.86778 -1.46370 -0.61436 -0.00922 -0.00307 0.00000 -0.88006 1.45295 0.62357 0.00922
0.71419 0.31486 -0.50992 -0.83706 -0.31486 0.50838 -0.00461 -0.00307 0.00307 0.00000 0.85703 -1.44834 -0.60821 -0.01075 -0.00461 0.00154 -0.87085 1.43913 0.61743 0.00922
0.71419 0.31486 -0.51145 -0.83706 -0.31486 0.50838 -0.00461 -0.00461 0.00154 0.00000 0.84628 -1.43299 -0.60053 -0.01075 -0.00461 0.00154 -0.86010 1.42684 0.61436 0.00922
0.71419 0.31486 -0.51145 -0.83706 -0.31486 0.50838 -0.00461 -0.00307 0.00154 -0.00154 0.83706 -1.42223 -0.59746 -0.01229 -0.00461 0.00154 -0.85088 1.41763 0.61128 0.00922
0.71265 0.31486 -0.50992 -0.83860 -0.31639 0.50838 -0.00461 -0.00307 0.00307 -0.00154 0.82631 -1.41455 -0.59593 -0.01382 -0.00461 0.00154 -0.84320 1.41302 0.60975 0.00922
0.71419 0.31486 -0.51145 -0.83706 -0.31639 0.50684 -0.00307 -0.00307 0.00154 -0.00154 0.81556 -1.40380 -0.58825 -0.01536 -0.00461 0.00000 -0.83245 1.40380 0.60514 0.00922
0.71419 0.31486 -0.50992 -0.83706 -0.31639 0.50838 -0.00307 -0.00307 0.00307 -0.00154 0.80634 -1.39305 -0.58057 -0.01536 -0.00461 0.00000 -0.82324 1.39305 0.59900 0.00768
0.71265 0.31486 -0.51145 -0.83860 -0.31639 0.50684 -0.00461 -0.00307 0.00307 -0.00154 0.79713 -1.38384 -0.57596 -0.01536 -0.00461 0.00154 -0.81402 1.38230 0.59285 0.00922
0.71419 0.31486 -0.50992 -0.83860 -0.31639 0.50838 -0.00461 -0.00307 0.00307 -0.00154 0.78638 -1.36694 -0.56674 -0.01536 -0.00307 0.00154 -0.80173 1.36541 0.58517 0.00922
0.71419 0.31486 -0.50992 -0.83860 -0.31639 0.50838 -0.00461 -0.00461 0.00154 -0.00154 0.77562 -1.35465 -0.56367 -0.01229 -0.00461 0.00000 -0.79252 1.35158 0.57903 0.00922
0.71419 0.31486 -0.51145 -0.83706 -0.31639 0.50838 -0.00461 -0.00307 0.00307 -0.00154 0.76794 -1.35465 -0.56521 -0.01229 -0.00461 0.00000 -0.78330 1.34851 0.57903 0.00922
0.71419 0.31486 -0.50992 -0.83860 -0.31486 0.50838 -0.00307 -0.00307 0.00154 -0.00154 0.75873 -1.34237 -0.56060 -0.01075 -0.00461 0.00000 -0.77409 1.33622 0.57442 0.00922
0.71419 0.31486 -0.50992 -0.83860 -0.31639 0.50838 -0.00461 -0.00307 0.00154 0.00000 0.74798 -1.32701 -0.55446 -0.01075 -0.00461 0.00000 -0.76334 1.31933 0.56674 0.01075
0.71419 0.31486 -0.50992 -0.83706 -0.31639 0.50838 -0.00307 -0.00307 0.00307 -0.00154 0.73876 -1.30551 -0.54524 -0.00922 -0.00307 0.00000 -0.75412 1.29936 0.56214 0.01229
0.71419 0.31486 -0.50992 -0.83706 -0.31639 0.50838 -0.00461 -0.00307 0.00154 0.00000 0.72648 -1.28708 -0.54217 -0.01075 -0.00307 0.00000 -0.74491 1.28400 0.55599 0.00922
0.71419 0.31486 -0.51145 -0.83860 -0.31486 0.50838 -0.00307 -0.00307 0.00307 0.00000 0.71880 -1.27325 -0.54217 -0.01382 -0.00461 0.00000 -0.73569 1.27172 0.55753 0.00922
0.71419 0.31486 -0.50992 -0.83706 -0.31639 0.50838 -0.00307 -0.00307 0.00154 -0.00154 0.70805 -1.25329 -0.54063 -0.01382 -0.00461 0.00000 -0.72648 1.25482 0.55599 0.00768
0.71419 0.31486 -0.50992 -0.83860 -0.31486 0.50838 -0.00461 -0.00307 0.00154 0.00000 0.70037 -1.23332 -0.53449 -0.01382 -0.00461 0.00000 -0.71726 1.23178 0.54985 0.00922
0.71419 0.31486 -0.51145 -0.83860 -0.31639 0.50684 -0.00307 -0.00307 0.00154 -0.00154 0.69269 -1.21796 -0.53449 -0.01229 -0.00461 0.00000 -0.70958 1.21335 0.54831 0.00922
0.71419 0.31486 -0.50992 -0.83860 -0.31486 0.50838 -0.00461 -0.00307 0.00154 0.00000 0.68654 -1.20567 -0.53449 -0.00922 -0.00461 0.00000 -0.70190 1.19799 0.54524 0.00922
0.71419 0.31486 -0.51145 -0.83860 -0.31639 0.50838 -0.00461 -0.00307 0.00154 0.00000 0.67733 -1.19031 -0.53295 -0.00922 -0.00307 0.00000 -0.69115 1.18110 0.53910 0.00922
0.71419 0.31486 -0.50992 -0.83860 -0.31639 0.50838 -0.00461 -0.00307 0.00307 0.00000 0.66811 -1.17496 -0.52988 -0.00768 -0.00307 0.00000 -0.68194 1.16574 0.53449 0.00922
0.71419 0.31486 -0.50992 -0.83860 -0.31486 0.50838 -0.00307 -0.00307 0.00154 0.00000 0.65890 -1.16267 -0.52681 -0.00922 -0.00461 0.00000 -0.67272 1.15499 0.53295 0.00922
0.71419 0.31486 -0.51145 -0.83860 -0.31639 0.50838 -0.00461 -0.00307 0.00154 0.00000 0.64968 -1.15345 -0.52374 -0.00922 -0.00461 0.00000 -0.66350 1.14731 0.53142 0.00768
0.71419 0.31486 -0.50992 -0.83706 -0.31639 0.50838 -0.00307 -0.00307 0.00154 0.00000 0.63893 -1.14117 -0.51913 -0.00922 -0.00307 0.00000 -0.65429 1.13656 0.52835 0.00768
0.71419 0.31486 -0.50992 -0.83860 -0.31639 0.50838 -0.00461 -0.00307 0.00154 0.00000 0.62818 -1.12734 -0.50992 -0.01075 -0.00307 0.00000 -0.64507 1.12427 0.52067 0.00922
