1900 2511 1842 2253 2376 1716 2048 2050 2053 2049 1631 2462 2669 1425 2404 1697 2052 2039 2048 2046
1900 2511 1842 2253 2377 1716 2048 2050 2053 2049 1631 2462 2669 1425 2405 1697 2052 2039 2048 2045
1900 2510 1842 2252 2377 1716 2048 2050 2053 2049 1631 2462 2669 1425 2405 1698 2052 2038 2049 2046
1900 2510 1842 2252 2376 1716 2048 2050 2053 2049 1631 2462 2669 1425 2405 1697 2052 2039 2048 2046
1900 2511 1842 2252 2376 1716 2048 2050 2053 2049 1631 2462 2669 1425 2405 1698 2052 2039 2048 2046
1900 2510 1843 2252 2377 1716 2048 2050 2053 2049 1631 2463 2669 1425 2405 1698 2052 2039 2049 2046
1900 2511 1842 2252 2376 1715 2048 2050 2053 2049 1631 2462 2669 1425 2405 1697 2052 2039 2048 2046
1901 2511 1842 2253 2377 1716 2048 2050 2053 2049 1631 2463 2669 1425 2405 1698 2052 2039 2048 2046
1900 2511 1842 2253 2377 1716 2048 2050 2053 2049 1631 2462 2669 1425 2405 1698 2052 2039 2048 2046
1900 2511 1842 2252 2377 1716 2048 2050 2053 2049 1631 2462 2669 1425 2405 1697 2052 2039 2048 2045
1901 2510 1842 2253 2377 1715 2048 2050 2053 2049 1631 2462 2669 1425 2405 1698 2052 2039 2049 2046
1900 2511 1842 2253 2377 1716 2048 2050 2053 2049 1631 2462 2669 1425 2405 1698 2052 2039 2048 2046
1900 2510 1843 2253 2376 1716 2048 2050 2053 2049 1631 2462 2669 1425 2405 1698 2052 2039 2048 2046
1900 2510 1842 2252 2377 1716 2048 2050 2053 2049 1631 2462 2669 1425 2405 1698 2052 2039 2048 2046
1900 2511 1842 2253 2377 1716 2047 2050 2053 2049 1631 2462 2669 1425 2405 1697 2052 2039 2048 2046
1901 2510 1842 2253 2376 1716 2048 2050 2053 2049 1631 2462 2669 1425 2405 1698 2052 2039 2048 2046
1900 2511 1842 2252 2377 1715 2048 2050 2053 2049 1631 2462 2669 1425 2405 1697 2052 2039 2048 2046
1900 2510 1842 2252 2376 1715 2048 2050 2053 2049 1631 2462 2669 1425 2405 1698 2052 2039 2048 2046
1900 2510 1842 2252 2376 1716 2048 2050 2053 2049 1631 2462 2669 1425 2405 1697 2052 2039 2049 2046
1900 2511 1842 2253 2376 1716 2048 2050 2053 2049 1631 2462 2669 1425 2405 1698 2052 2039 2048 2046
1900 2511 1842 2253 2377 1716 2048 2050 2053 2049 1631 2462 2669 1425 2405 1697 2052 2039 2048 2045
1900 2510 1842 2253 2377 1716 2048 2050 2053 2049 1631 2462 2669 1425 2405 1697 2052 2039 2049 2046
1900 2510 1842 2253 2377 1716 2048 2050 2053 2049 1631 2462 2669 1425 2405 1697 2052 2039 2049 2046
1900 2511 1842 2252 2376 1716 2048 2050 2053 2049 1631 2462 2669 1425 2405 1698 2052 2039 2048 2046
1900 2510 1842 2252 2376 1716 2048 2050 2053 2049 1631 2462 2669 1425 2405 1697 2052 2039 2048 2046
1901 2510 1843 2252 2377 1716 2048 2050 2053 2049 1631 2462 2669 1425 2404 1697 2052 2039 2049 2046
1900 2511 1842 2252 2376 1716 2048 2050 2053 2049 1631 2462 2669 1425 2405 1697 2052 2039 2049 2046
1900 2510 1842 2253 2377 1716 2048 2050 2053 2049 1631 2462 2669 1425 2405 1698 2052 2039 2048 2046
1900 2511 1842 2252 2377 1716 2048 2050 2053 2049 1631 2462 2669 1425 2405 1698 2052 2039 2048 2046
1900 2510 1842 2252 2376 1716 2048 2050 2053 2049 1631 2462 2669 1425 2405 1698 2052 2039 2048 2046
1900 2510 1842 2253 2377 1716 2048 2050 2053 2049 1631 2462 2669 1425 2405 1697 2052 2039 2049 2046
1900 2511 1842 2252 2377 1715 2048 2050 2053 2049 1631 2462 2669 1425 2405 1698 2052 2039 2049 2046
1900 2511 1842 2253 2377 1715 2048 2050 2053 2049 1631 2462 2669 1425 2405 1697 2052 2039 2048 2045
1900 2511 1842 2252 2377 1716 2048 2050 2053 2049 1631 2462 2669 1425 2404 1697 2052 2039 2048 2046
1900 2510 1842 2252 2376 1716 2048 2050 2053 2049 1631 2462 2669 1425 2405 1698 2052 2039 2048 2046
1900 2510 1842 2253 2376 1716 2048 2050 2053 2049 1631 2462 2669 1425 2405 1698 2052 2039 2049 2045
1900 2511 1842 2252 2376 1715 2048 2050 2053 2049 1631 2462 2669 1425 2405 1697 2052 2039 2048 2046
1900 2511 1842 2253 2376 1716 2048 2050 2053 2049 1631 2462 2669 1425 2405 1697 2052 2039 2048 2046
1901 2511 1842 2252 2377 1716 2048 2050 2053 2049 1631 2463 2669 1425 2405 1698 2052 2039 2048 2045
1900 2511 1842 2252 2377 1716 2048 2050 2053 2049 1631 2462 2669 1425 2405 1698 2052 2039 2049 2046
1900 2510 1842 2252 2377 1716 2048 2050 2053 2049 1631 2462 2669 1425 2405 1697 2052 2039 2048 2046
1900 2511 1842 2253 2377 1716 2048 2050 2053 2049 1631 2462 2669 1425 2405 1697 2052 2039 2048 2046
1900 2511 1842 2253 2377 1716 2048 2050 2053 2049 1631 2462 2669 1425 2405 1697 2052 2039 2049 2046
1900 2511 1842 2253 2377 1716 2048 2050 2053 2049 1631 2462 2669 1425 2405 1697 2052 2039 2048 2046
1901 2511 1842 2253 2376 1716 2048 2050 2053 2049 1631 2462 2669 1425 2405 1697 2052 2039 2048 2046
1900 2511 1842 2253 2376 1716 2048 2050 2053 2049 1631 2462 2669 1425 2405 1698 2052 2039 2048 2046
1900 2511 1842 2253 2377 1716 2048 2050 2053 2049 1631 2462 2669 1425 2405 1698 2052 2039 2049 2046
1900 2511 1842 2252 2377 1716 2048 2050 2053 2049 1631 2462 2669 1425 2405 1697 2052 2039 2049 2045
1900 2510 1842 2252 2377 1716 2047 2050 2053 2049 1631 2462 2669 1425 2405 1697 2052 2039 2048 2046
1900 2510 1842 2252 2377 1716 2048 2050 2053 2049 1631 2462 2669 1425 2405 1698 2052 2039 2048 2046
1900 2510 1842 2253 2376 1716 2048 2050 2053 2049 1631 2462 2669 1425 2405 1698 2052 2039 2048 2046
1900 2510 1842 2253 2377 1716 2048 2050 2053 2049 1631 2462 2669 1425 2405 1697 2052 2039 2048 2046
1900 2511 1842 2253 2377 1716 2048 2050 2053 2049 1631 2462 2669 1425 2405 1697 2052 2039 2048 2046
1901 2510 1842 2252 2376 1716 2048 2050 2053 2049 1631 2462 2669 1425 2404 1697 2052 2039 2048 2046
1900 2511 1842 2253 2376 1716 2048 2050 2053 2049 1631 2463 2669 1425 2405 1697 2052 2039 2049 2045
1900 2510 1842 2253 2376 1715 2048 2050 2053 2049 1631 2462 2669 1425 2405 1697 2052 2039 2048 2046
1900 2510 1842 2253 2377 1716 2048 2050 2053 2049 1631 2462 2669 1425 2405 1697 2052 2039 2048 2046
1900 2511 1842 2252 2377 1716 2048 2050 2053 2049 1631 2463 2669 1425 2405 1698 2052 2039 2048 2045
1900 2510 1842 2253 2377 1716 2048 2050 2053 2049 1631 2463 2669 1425 2405 1698 2052 2039 2048 2045
1900 2511 1843 2252 2377 1716 2048 2050 2053 2049 1631 2462 2669 1425 2405 1697 2052 2039 2048 2046
1901 2511 1842 2253 2376 1716 2048 2050 2053 2049 1631 2462 2669 1425 2405 1697 2052 2039 2048 2046
1901 2511 1842 2252 2376 1716 2048 2050 2053 2049 1631 2462 2669 1425 2405 1697 2052 2039 2048 2046
1900 2511 1842 2252 2377 1715 2048 2050 2053 2049 1631 2462 2669 1425 2405 1697 2052 2039 2048 2046
1900 2510 1842 2252 2377 1716 2048 2050 2053 2049 1631 2462 2669 1425 2405 1698 2052 2039 2048 2045
1901 2511 1842 2252 2377 1716 2048 2050 2053 2049 1631 2462 2669 1425 2405 1697 2052 2039 2048 2046
1900 2511 1842 2253 2376 1716 2048 2050 2053 2049 1631 2462 2669 1425 2405 1697 2052 2039 2048 2046
1901 2511 1842 2253 2377 1716 2048 2050 2053 2049 1631 2462 2669 1425 2405 1697 2052 2039 2048 2046
1901 2511 1842 2252 2376 1715 2048 2050 2053 2049 1631 2462 2669 1425 2405 1697 2052 2039 2048 2046
1901 2511 1842 2253 2377 1716 2048 2050 2053 2049 1631 2462 2669 1425 2405 1698 2052 2039 2048 2046
1900 2511 1842 2252 2377 1716 2048 2050 2053 2049 1631 2462 2669 1425 2405 1697 2052 2039 2048 2046
1900 2510 1842 2252 2376 1716 2048 2050 2053 2049 1631 2462 2669 1425 2405 1697 2052 2039 2048 2046
1900 2511 1842 2253 2376 1716 2048 2050 2053 2049 1631 2462 2669 1425 2405 1698 2052 2039 2048 2046
1900 2511 1842 2252 2377 1715 2048 2050 2053 2049 1631 2462 2669 1425 2405 1698 2052 2039 2048 2046
1901 2511 1842 2253 2377 1716 2048 2050 2053 2049 1631 2462 2669 1425 2405 1697 2052 2039 2048 2046
1900 2511 1842 2252 2376 1716 2048 2050 2053 2049 1631 2462 2669 1425 2405 1698 2052 2039 2048 2046
1901 2511 1842 2253 2376 1716 2048 2050 2053 2049 1631 2462 2669 1425 2405 1698 2052 2039 2048 2046
1900 2511 1842 2252 2377 1716 2048 2050 2053 2049 1631 2462 2669 1425 2405 1698 2052 2039 2048 2046
1900 2511 1842 2252 2377 1716 2048 2050 2053 2049 1631 2462 2669 1425 2405 1698 2052 2039 2049 2046
1900 2511 1841 2253 2376 1715 2048 2050 2053 2049 1631 2462 2669 1425 2405 1698 2052 2039 2048 2046
1900 2511 1842 2252 2377 1716 2048 2050 2053 2049 1631 2462 2669 1425 2405 1697 2052 2039 2048 2046
1900 2510 1842 2252 2377 1716 2048 2050 2053 2049 1631 2463 2669 1425 2405 1697 2052 2039 2048 2046
1900 2510 1842 2253 2377 1716 2048 2050 2053 2049 1631 2462 2669 1425 2405 1697 2052 2039 2049 2046
1900 2511 1842 2252 2377 1716 2048 2050 2053 2049 1631 2462 2669 1425 2405 1698 2052 2039 2048 2046
1900 2511 1842 2252 2376 1715 2048 2050 2053 2049 1631 2463 2669 1425 2404 1697 2052 2039 2048 2046
1901 2511 1842 2252 2376 1716 2048 2050 2053 2049 1631 2462 2669 1425 2405 1698 2052 2039 2048 2045
1901 2511 1842 2252 2376 1715 2048 2050 2053 2049 1631 2462 2669 1425 2405 1698 2052 2039 2048 2046
1900 2510 1842 2252 2376 1716 2048 2050 2053 2049 1631 2462 2669 1425 2405 1698 2052 2039 2048 2046
1900 2511 1842 2252 2377 1716 2048 2050 2053 2049 1631 2463 2669 1425 2405 1697 2052 2039 2048 2046
1900 2511 1842 2253 2377 1716 2048 2050 2053 2049 1631 2462 2669 1425 2404 1697 2052 2039 2048 2046
1900 2510 1842 2252 2376 1715 2048 2050 2053 2049 1631 2462 2669 1425 2405 1697 2052 2039 2049 2046
1900 2511 1842 2252 2377 1715 2048 2050 2053 2049 1631 2462 2669 1425 2405 1697 2052 2039 2048 2046
1900 2510 1842 2252 2377 1716 2048 2050 2053 2049 1631 2462 2669 1425 2405 1698 2052 2039 2048 2046
1900 2510 1842 2253 2376 1716 2048 2050 2053 2049 1631 2462 2669 1425 2405 1697 2052 2039 2049 2046
1901 2510 1842 2252 2376 1716 2048 2050 2053 2049 1631 2462 2669 1425 2405 1698 2052 2039 2048 2046
1900 2511 1842 2252 2376 1716 2048 2050 2053 2049 1631 2462 2669 1425 2405 1697 2052 2039 2048 2045
1901 2510 1842 2252 2376 1716 2048 2050 2053 2049 1631 2462 2669 1425 2405 1697 2052 2039 2049 2046
1900 2511 1842 2253 2376 1716 2048 2050 2053 2049 1631 2462 2669 1425 2405 1697 2052 2039 2048 2046
1900 2511 1842 2253 2377 1716 2048 2050 2053 2049 1631 2462 2669 1425 2405 1697 2052 2039 2048 2046
1900 2511 1842 2253 2376 1716 2048 2050 2053 2049 1631 2462 2669 1425 2404 1698 2052 2039 2049 2046
1900 2511 1842 2252 2377 1716 2048 2050 2053 2049 1631 2462 2669 1425 2405 1698 2052 2039 2049 2046
1900 2510 1842 2252 2377 1716 2048 2050 2053 2049 1631 2462 2669 1425 2405 1697 2052 2039 2048 2046
1900 2511 1842 2252 2376 1716 2048 2050 2053 2049 1631 2462 2669 1425 2404 1698 2052 2039 2048 2046
1901 2510 1842 2253 2377 1716 2048 2050 2053 2049 1631 2462 2669 1425 2405 1697 2052 2039 2048 2046
1900 2511 1842 2253 2376 1716 2048 2050 2053 2049 1631 2462 2669 1425 2405 1697 2052 2039 2048 2046
1900 2511 1842 2253 2376 1716 2048 2050 2053 2049 1631 2462 2669 1425 2405 1698 2052 2039 2048 2046
1900 2511 1842 2253 2377 1716 2048 2050 2053 2049 1631 2462 2669 1425 2405 1697 2052 2039 2048 2046
1900 2510 1842 2253 2376 1716 2048 2050 2053 2049 1631 2462 2669 1425 2405 1697 2052 2039 2048 2046
1901 2511 1842 2252 2376 1716 2048 2050 2053 2049 1631 2462 2669 1425 2405 1698 2052 2039 2048 2046
1901 2511 1842 2252 2377 1715 2048 2050 2053 2049 1631 2462 2669 1425 2405 1698 2052 2039 2049 2046
1901 2511 1842 2252 2377 1716 2048 2050 2053 2049 1631 2462 2669 1425 2405 1697 2052 2039 2048 2046
1901 2511 1842 2253 2376 1716 2048 2050 2053 2049 1631 2462 2669 1425 2405 1698 2052 2039 2048 2046
1900 2511 1842 2253 2376 1716 2048 2050 2053 2049 1631 2462 2669 1425 2404 1697 2052 2039 2048 2046
1900 2511 1842 2252 2376 1716 2048 2050 2053 2049 1631 2462 2669 1425 2405 1698 2052 2039 2049 2046
1900 2511 1842 2253 2376 1716 2048 2050 2053 2048 1631 2462 2669 1425 2404 1698 2052 2039 2048 2046
1900 2510 1842 2252 2376 1715 2048 2050 2053 2049 1631 2462 2669 1425 2405 1698 2052 2039 2048 2046
1900 2510 1842 2252 2377 1716 2048 2050 2053 2049 1631 2462 2669 1425 2405 1697 2052 2039 2048 2046
1900 2511 1842 2253 2377 1716 2048 2050 2053 2049 1631 2462 2669 1425 2405 1697 2052 2039 2048 2046
1900 2511 1842 2252 2377 1716 2048 2050 2053 2049 1631 2462 2669 1425 2405 1697 2052 2039 2048 2046
1900 2511 1842 2252 2376 1716 2048 2050 2053 2049 1631 2462 2669 1425 2405 1698 2052 2039 2048 2046
1900 2511 1842 2253 2377 1716 2048 2050 2053 2049 1631 2462 2669 1425 2405 1698 2052 2039 2048 2046
1900 2511 1842 2252 2376 1716 2048 2050 2053 2049 1631 2462 2669 1425 2405 1697 2052 2039 2049 2046
1900 2511 1842 2253 2376 1715 2048 2050 2053 2049 1631 2462 2669 1425 2405 1698 2052 2039 2048 2046
1900 2510 1842 2252 2377 1716 2048 2050 2053 2049 1631 2462 2669 1425 2405 1698 2052 2039 2048 2046
1900 2511 1842 2252 2377 1716 2048 2050 2053 2049 1631 2462 2669 1425 2405 1697 2052 2039 2048 2046
1901 2510 1842 2252 2377 1716 2048 2050 2053 2049 1631 2462 2669 1425 2405 1698 2052 2039 2048 2046
1900 2510 1842 2252 2376 1716 2048 2050 2053 2049 1631 2462 2669 1425 2405 1697 2052 2039 2049 2046
1901 2511 1842 2253 2376 1716 2048 2050 2053 2049 1631 2462 2669 1425 2405 1697 2052 2039 2048 2046
1901 2511 1842 2252 2376 1716 2048 2050 2053 2049 1631 2462 2669 1425 2405 1698 2052 2039 2048 2046
1900 2510 1842 2252 2377 1716 2048 2050 2053 2049 1631 2462 2669 1425 2405 1697 2052 2039 2048 2046
1900 2511 1842 2253 2376 1716 2048 2050 2053 2049 1631 2463 2669 1425 2405 1698 2052 2039 2048 2045
1900 2510 1842 2252 2376 1716 2048 2050 2053 2049 1631 2462 2669 1425 2405 1698 2052 2039 2048 2046
1900 2511 1842 2253 2376 1716 2048 2050 2053 2049 1631 2462 2669 1425 2405 1697 2052 2039 2048 2046
1900 2511 1842 2252 2377 1716 2048 2050 2053 2049 1631 2462 2669 1425 2405 1697 2052 2039 2049 2045
1900 2510 1842 2253 2376 1716 2048 2050 2053 2049 1631 2462 2669 1425 2405 1698 2052 2039 2048 2046
1900 2511 1843 2252 2377 1716 2048 2050 2053 2049 1631 2462 2669 1425 2405 1698 2052 2039 2049 2046
1900 2511 1842 2252 2376 1716 2048 2050 2053 2049 1631 2462 2669 1425 2405 1698 2052 2039 2048 2046
1900 2510 1842 2253 2377 1716 2048 2050 2053 2049 1631 2462 2669 1425 2405 1697 2052 2039 2048 2046
1901 2510 1842 2252 2377 1716 2048 2050 2053 2049 1631 2462 2669 1425 2405 1697 2052 2039 2048 2045
1900 2511 1842 2252 2376 1716 2048 2050 2053 2049 1631 2462 2669 1425 2405 1698 2052 2039 2048 2046
1900 2511 1842 2252 2376 1716 2048 2050 2053 2049 1631 2462 2669 1425 2405 1698 2052 2039 2049 2046
1900 2511 1842 2252 2376 1716 2048 2050 2053 2049 1631 2462 2669 1425 2405 1697 2052 2039 2048 2045
1901 2511 1842 2252 2376 1716 2048 2050 2053 2049 1631 2463 2669 1425 2405 1697 2052 2039 2048 2046
1900 2511 1842 2253 2377 1716 2048 2050 2053 2049 1631 2462 2669 1425 2405 1698 2052 2039 2048 2046
1900 2510 1842 2252 2377 1716 2048 2050 2053 2049 1631 2462 2669 1425 2405 1697 2052 2039 2048 2046
1900 2511 1842 2253 2376 1716 2048 2050 2053 2049 1631 2462 2669 1425 2405 1698 2052 2039 2048 2046
1900 2511 1842 2253 2376 1716 2048 2050 2053 2049 1631 2462 2669 1425 2405 1698 2052 2039 2048 2046
1901 2511 1842 2252 2377 1716 2048 2050 2053 2049 1631 2462 2669 1425 2404 1698 2052 2039 2049 2046
1900 2511 1842 2252 2377 1716 2048 2050 2053 2049 1631 2462 2669 1425 2405 1698 2052 2039 2049 2046
1900 2511 1842 2253 2377 1716 2048 2050 2053 2049 1631 2462 2669 1425 2405 1697 2052 2039 2048 2046
1901 2511 1842 2253 2377 1716 2048 2050 2053 2049 1631 2462 2669 1425 2405 1698 2052 2039 2048 2046
