1504 2512 1843 2252 2378 1715 2051 2051 2056 2049 1017 3076 3458 638 2679 1425 2054 2034 2049 2045
1504 2512 1843 2252 2377 1715 2051 2050 2055 2049 1017 3077 3458 638 2679 1425 2053 2034 2049 2045
1504 2512 1843 2252 2378 1715 2051 2051 2055 2048 1016 3077 3458 638 2678 1424 2053 2034 2049 2046
1504 2512 1842 2252 2377 1715 2050 2050 2056 2048 1019 3074 3458 638 2679 1425 2053 2034 2049 2046
1504 2512 1842 2252 2378 1715 2050 2050 2055 2049 1027 3066 3458 638 2679 1424 2053 2034 2049 2045
1504 2513 1842 2252 2378 1715 2050 2050 2056 2048 1038 3055 3457 639 2677 1426 2054 2034 2049 2046
1504 2512 1842 2252 2378 1716 2050 2051 2055 2048 1052 3041 3456 639 2673 1430 2053 2034 2049 2045
1504 2512 1843 2252 2378 1715 2049 2051 2055 2049 1067 3026 3450 644 2664 1440 2053 2035 2049 2046
1504 2513 1843 2252 2378 1715 2049 2050 2056 2048 1085 3008 3436 655 2647 1455 2053 2036 2049 2046
1504 2512 1842 2252 2378 1715 2049 2050 2055 2048 1103 2991 3426 665 2632 1469 2053 2037 2049 2046
1504 2512 1843 2252 2378 1715 2048 2051 2056 2048 1120 2973 3420 671 2620 1482 2053 2037 2049 2046
1504 2512 1842 2252 2377 1715 2047 2051 2055 2048 1140 2954 3413 680 2611 1492 2053 2038 2049 2045
1504 2513 1842 2252 2377 1715 2047 2050 2056 2047 1155 2937 3401 692 2601 1504 2053 2036 2049 2045
1504 2512 1842 2252 2378 1715 2047 2051 2055 2047 1168 2922 3390 705 2593 1511 2053 2036 2049 2046
1503 2513 1843 2252 2377 1715 2046 2051 2055 2047 1179 2910 3379 716 2588 1517 2053 2035 2049 2046
1504 2512 1842 2252 2378 1715 2047 2051 2055 2048 1192 2897 3363 734 2583 1523 2053 2035 2049 2046
1504 2512 1842 2252 2378 1715 2046 2051 2055 2047 1205 2884 3342 754 2577 1529 2053 2035 2049 2045
1504 2513 1843 2252 2377 1715 2046 2051 2055 2047 1216 2873 3324 773 2572 1533 2053 2035 2049 2046
1504 2512 1843 2252 2378 1715 2046 2050 2055 2048 1228 2861 3304 792 2567 1538 2053 2035 2049 2046
1504 2513 1842 2252 2377 1715 2046 2051 2055 2047 1240 2850 3286 809 2563 1540 2053 2035 2049 2046
1504 2512 1843 2252 2377 1715 2046 2051 2054 2048 1252 2837 3267 827 2557 1546 2053 2037 2049 2046
1504 2512 1842 2252 2378 1715 2046 2051 2054 2047 1265 2825 3248 845 2551 1549 2053 2037 2049 2046
1504 2512 1842 2252 2377 1715 2046 2051 2053 2048 1277 2813 3233 860 2546 1555 2053 2038 2048 2046
1504 2513 1843 2252 2378 1715 2046 2050 2054 2047 1289 2800 3215 877 2541 1561 2053 2037 2049 2046
1504 2512 1843 2252 2378 1715 2046 2051 2053 2047 1302 2787 3201 893 2535 1567 2053 2037 2049 2046
1504 2513 1843 2252 2377 1715 2046 2051 2053 2047 1316 2773 3183 910 2528 1576 2053 2037 2049 2046
1504 2512 1843 2252 2377 1715 2046 2050 2053 2048 1328 2760 3171 923 2523 1581 2053 2036 2049 2046
1504 2513 1843 2252 2377 1715 2046 2051 2053 2048 1340 2748 3159 937 2518 1587 2053 2037 2049 2046
1503 2512 1842 2252 2378 1715 2046 2050 2053 2047 1354 2734 3143 954 2511 1594 2053 2036 2049 2046
1504 2512 1842 2252 2378 1715 2046 2050 2053 2047 1366 2721 3129 968 2505 1601 2053 2036 2049 2046
1503 2513 1842 2252 2378 1715 2046 2051 2052 2047 1378 2708 3116 980 2500 1606 2053 2036 2049 2046
1504 2513 1842 2252 2377 1715 2046 2050 2052 2047 1392 2695 3097 998 2493 1613 2053 2036 2049 2046
1504 2512 1842 2252 2378 1715 2046 2051 2051 2047 1406 2681 3080 1015 2486 1620 2053 2037 2049 2046
1504 2513 1843 2252 2378 1715 2045 2050 2051 2047 1418 2670 3065 1030 2481 1625 2053 2037 2048 2045
1503 2513 1842 2252 2377 1715 2046 2050 2051 2047 1430 2657 3048 1048 2475 1631 2053 2037 2049 2046
1504 2513 1842 2252 2378 1715 2045 2050 2051 2047 1442 2644 3030 1065 2470 1637 2053 2036 2049 2046
1503 2513 1843 2252 2377 1715 2045 2050 2050 2047 1455 2631 3011 1083 2464 1643 2053 2036 2049 2046
1504 2512 1842 2252 2378 1715 2045 2051 2050 2047 1467 2620 2996 1098 2460 1646 2053 2037 2049 2046
1504 2512 1843 2252 2378 1715 2045 2050 2050 2047 1480 2607 2978 1117 2453 1652 2053 2038 2049 2046
1503 2513 1842 2252 2378 1715 2046 2050 2050 2047 1493 2595 2961 1133 2448 1657 2053 2038 2049 2045
1504 2513 1842 2252 2378 1715 2045 2050 2050 2047 1506 2581 2944 1149 2443 1662 2053 2038 2049 2046
1504 2512 1843 2252 2378 1715 2045 2050 2050 2047 1519 2569 2926 1168 2437 1669 2053 2038 2049 2046
1504 2513 1842 2252 2378 1715 2045 2051 2050 2047 1530 2557 2910 1182 2432 1673 2053 2039 2048 2046
1503 2513 1842 2252 2378 1715 2046 2050 2050 2047 1543 2544 2892 1200 2425 1679 2053 2040 2048 2046
1503 2513 1842 2252 2378 1715 2046 2050 2050 2047 1556 2531 2876 1218 2419 1686 2053 2040 2049 2046
1504 2513 1842 2252 2378 1715 2046 2050 2049 2047 1568 2519 2859 1235 2414 1692 2053 2039 2049 2046
1504 2513 1842 2252 2377 1715 2045 2050 2049 2047 1581 2505 2840 1254 2409 1697 2053 2038 2049 2046
1504 2512 1842 2252 2378 1715 2046 2050 2049 2047 1593 2493 2825 1269 2405 1701 2053 2038 2049 2046
1504 2512 1843 2252 2377 1715 2045 2050 2049 2047 1606 2481 2806 1288 2398 1707 2053 2039 2049 2045
1504 2513 1842 2252 2377 1715 2046 2050 2050 2047 1619 2469 2790 1303 2392 1711 2053 2040 2049 2046
