1502 2512 1843 2253 2379 1715 2048 2050 2055 2048 1017 3077 3457 638 2677 1427 2052 2035 2046 2045
1502 2512 1843 2253 2379 1716 2047 2050 2055 2048 1017 3078 3457 638 2677 1427 2052 2035 2046 2045
1503 2512 1843 2253 2379 1716 2047 2050 2055 2048 1018 3077 3457 638 2677 1427 2052 2035 2045 2045
1502 2513 1842 2253 2379 1716 2047 2050 2055 2048 1017 3077 3457 638 2677 1427 2052 2035 2046 2045
1502 2513 1843 2253 2379 1715 2047 2050 2055 2048 1020 3076 3457 638 2677 1427 2052 2035 2045 2045
1503 2513 1842 2253 2379 1716 2047 2050 2055 2048 1023 3072 3457 638 2677 1427 2052 2035 2046 2045
1502 2513 1842 2253 2379 1716 2047 2050 2054 2049 1029 3066 3457 638 2677 1428 2052 2035 2045 2045
1503 2512 1843 2253 2379 1716 2047 2050 2055 2048 1036 3059 3457 638 2675 1429 2052 2035 2045 2045
1503 2513 1843 2253 2379 1716 2047 2050 2055 2049 1043 3052 3457 638 2673 1432 2052 2035 2045 2046
1503 2513 1842 2253 2379 1716 2047 2050 2055 2048 1051 3044 3457 638 2668 1437 2053 2036 2045 2045
1502 2513 1842 2253 2379 1716 2047 2051 2054 2048 1058 3036 3457 638 2663 1442 2052 2035 2046 2045
1503 2512 1843 2253 2379 1715 2048 2050 2055 2048 1067 3028 3457 639 2655 1450 2051 2035 2046 2045
1503 2512 1842 2253 2379 1715 2047 2050 2055 2048 1076 3019 3456 638 2648 1458 2051 2036 2046 2045
1503 2513 1842 2253 2379 1716 2047 2050 2055 2048 1086 3008 3456 638 2640 1466 2051 2036 2045 2045
1503 2512 1843 2253 2379 1716 2047 2050 2055 2048 1095 2996 3454 638 2631 1472 2051 2036 2046 2045
1502 2513 1843 2253 2379 1716 2047 2049 2054 2048 1107 2986 3453 639 2626 1479 2051 2037 2046 2045
1502 2513 1843 2253 2379 1716 2047 2049 2055 2048 1115 2978 3453 638 2620 1483 2051 2038 2045 2045
1503 2513 1842 2253 2379 1716 2047 2049 2055 2048 1122 2971 3452 639 2617 1487 2052 2038 2045 2045
1503 2512 1842 2253 2379 1715 2046 2048 2055 2048 1129 2964 3445 647 2613 1491 2051 2038 2045 2045
1503 2513 1842 2253 2379 1716 2046 2048 2054 2048 1135 2957 3434 659 2609 1496 2052 2037 2045 2045
1502 2513 1843 2253 2378 1715 2046 2047 2054 2048 1140 2951 3426 668 2608 1496 2051 2037 2045 2045
1502 2513 1842 2253 2378 1716 2046 2047 2054 2048 1144 2946 3416 679 2607 1497 2051 2036 2045 2045
1502 2513 1842 2253 2378 1716 2046 2047 2055 2048 1150 2939 3401 693 2605 1499 2051 2036 2046 2046
1502 2513 1842 2253 2379 1716 2046 2047 2054 2048 1156 2935 3388 705 2602 1501 2051 2036 2045 2045
1502 2513 1842 2253 2379 1716 2046 2048 2054 2048 1159 2931 3380 712 2600 1501 2051 2037 2045 2045
1502 2512 1842 2253 2379 1715 2046 2048 2054 2048 1166 2926 3372 719 2598 1502 2051 2039 2045 2045
1503 2513 1842 2253 2378 1716 2046 2048 2054 2048 1175 2919 3362 728 2595 1505 2051 2039 2046 2045
1502 2513 1842 2253 2379 1715 2046 2048 2053 2048 1182 2911 3351 739 2591 1509 2052 2040 2045 2045
1502 2512 1843 2253 2379 1716 2046 2048 2053 2048 1187 2905 3348 743 2588 1512 2051 2039 2045 2045
1503 2513 1842 2253 2379 1716 2046 2048 2053 2048 1192 2900 3347 745 2587 1514 2051 2038 2046 2045
1503 2513 1842 2253 2379 1716 2046 2048 2053 2048 1198 2894 3347 745 2585 1518 2051 2038 2045 2045
1502 2513 1843 2253 2379 1715 2046 2048 2053 2048 1206 2887 3347 745 2580 1522 2051 2038 2045 2045
1502 2512 1843 2253 2379 1716 2046 2048 2053 2048 1214 2878 3346 747 2576 1528 2052 2039 2045 2045
1502 2513 1842 2253 2379 1716 2046 2048 2053 2048 1222 2870 3339 755 2570 1536 2052 2037 2045 2045
1503 2512 1842 2253 2379 1715 2046 2048 2053 2048 1228 2861 3331 765 2564 1542 2052 2037 2046 2046
1502 2513 1842 2253 2379 1716 2045 2048 2052 2048 1233 2854 3321 778 2561 1548 2053 2035 2046 2045
1503 2513 1842 2253 2379 1715 2045 2048 2051 2048 1239 2846 3308 791 2558 1549 2052 2034 2045 2045
1502 2513 1842 2253 2379 1715 2045 2049 2052 2048 1243 2842 3302 796 2558 1548 2052 2034 2045 2045
1502 2513 1842 2253 2379 1715 2046 2050 2051 2048 1249 2837 3290 807 2556 1550 2052 2035 2045 2045
1502 2513 1843 2253 2379 1716 2045 2049 2050 2048 1256 2830 3276 818 2552 1551 2052 2037 2046 2045
1503 2512 1842 2253 2379 1716 2046 2050 2050 2048 1262 2825 3262 831 2549 1553 2052 2038 2045 2045
1503 2513 1842 2253 2378 1715 2046 2050 2050 2047 1267 2821 3254 839 2548 1554 2052 2038 2046 2045
1502 2513 1842 2253 2378 1715 2046 2050 2050 2048 1273 2815 3245 848 2547 1555 2052 2038 2045 2046
1502 2513 1842 2253 2379 1716 2046 2050 2050 2048 1280 2808 3234 860 2544 1559 2052 2038 2046 2045
1502 2512 1843 2253 2379 1716 2046 2050 2049 2047 1286 2801 3222 871 2541 1563 2052 2037 2046 2046
1502 2513 1843 2253 2379 1716 2046 2050 2050 2048 1290 2796 3219 875 2540 1564 2052 2036 2045 2046
1502 2513 1842 2253 2378 1716 2045 2050 2050 2048 1295 2792 3220 875 2539 1565 2052 2036 2045 2045
1502 2513 1842 2253 2379 1716 2046 2050 2050 2048 1303 2785 3217 875 2535 1567 2052 2037 2046 2046
1502 2513 1842 2253 2379 1716 2046 2050 2050 2047 1312 2776 3211 881 2529 1575 2052 2038 2045 2046
1503 2513 1843 2253 2379 1716 2045 2050 2050 2048 1321 2768 3203 888 2522 1581 2054 2039 2045 2045
1503 2512 1843 2253 2379 1716 2046 2049 2049 2047 1328 2760 3194 897 2517 1588 2055 2039 2045 2045
1502 2513 1842 2253 2379 1715 2045 2050 2049 2047 1334 2754 3186 907 2514 1591 2054 2038 2045 2046
1503 2512 1842 2253 2379 1715 2046 2050 2050 2047 1339 2748 3179 914 2514 1592 2054 2037 2046 2046
1502 2512 1842 2253 2378 1716 2046 2050 2049 2047 1344 2743 3172 922 2514 1592 2054 2037 2046 2046
1502 2513 1843 2253 2379 1716 2045 2051 2050 2048 1350 2737 3163 934 2512 1595 2053 2036 2045 2046
1502 2513 1842 2253 2379 1716 2045 2050 2050 2047 1356 2730 3150 947 2508 1599 2053 2036 2045 2046
1503 2513 1843 2253 2379 1716 2046 2049 2050 2048 1363 2723 3138 959 2505 1602 2054 2036 2045 2046
1502 2513 1842 2253 2379 1716 2045 2050 2049 2048 1367 2718 3133 963 2505 1602 2053 2036 2045 2046
1503 2513 1842 2253 2379 1715 2045 2051 2050 2047 1372 2714 3131 965 2503 1602 2053 2037 2046 2045
1503 2513 1842 2253 2379 1715 2046 2050 2049 2047 1378 2708 3125 969 2499 1605 2054 2038 2046 2046
1503 2512 1842 2253 2379 1716 2045 2050 2050 2047 1387 2700 3115 977 2493 1611 2054 2039 2045 2045
1502 2512 1843 2253 2378 1715 2046 2050 2049 2048 1395 2693 3103 988 2488 1618 2056 2040 2046 2046
1502 2513 1842 2253 2379 1716 2046 2049 2049 2047 1401 2685 3096 995 2484 1620 2055 2040 2045 2046
1502 2513 1843 2253 2379 1715 2046 2050 2049 2048 1407 2680 3093 999 2483 1621 2054 2040 2045 2046
1502 2512 1842 2253 2379 1715 2046 2050 2049 2047 1412 2675 3088 1004 2481 1623 2054 2039 2045 2045
1502 2513 1842 2253 2379 1716 2045 2050 2049 2047 1419 2668 3080 1015 2478 1627 2054 2039 2046 2046
1502 2513 1842 2253 2378 1715 2045 2049 2049 2047 1424 2661 3071 1024 2474 1631 2054 2038 2045 2046
1502 2513 1843 2253 2378 1716 2045 2049 2049 2047 1432 2654 3057 1039 2471 1636 2054 2037 2046 2045
1502 2512 1842 2253 2379 1716 2046 2050 2049 2048 1437 2648 3050 1048 2470 1638 2054 2036 2046 2046
1503 2513 1842 2253 2379 1715 2046 2050 2049 2047 1442 2642 3042 1056 2469 1639 2053 2036 2045 2046
1502 2513 1842 2253 2379 1715 2046 2051 2049 2047 1449 2636 3033 1063 2467 1640 2053 2037 2045 2046
1502 2513 1842 2253 2379 1716 2045 2049 2049 2047 1456 2629 3020 1074 2462 1643 2053 2038 2045 2046
1502 2513 1842 2253 2379 1715 2045 2049 2049 2047 1463 2623 3009 1082 2459 1645 2054 2040 2045 2046
1502 2513 1842 2253 2379 1716 2045 2050 2049 2047 1469 2619 3001 1088 2457 1646 2054 2041 2046 2046
1502 2513 1842 2253 2379 1715 2046 2050 2048 2048 1475 2613 2994 1095 2454 1648 2054 2042 2045 2045
1503 2513 1843 2253 2379 1716 2045 2050 2049 2048 1481 2606 2985 1105 2450 1652 2054 2041 2045 2046
1503 2513 1843 2253 2379 1715 2045 2049 2049 2048 1488 2599 2977 1115 2448 1657 2054 2041 2045 2045
1503 2513 1843 2253 2379 1715 2045 2049 2049 2047 1494 2593 2971 1122 2446 1659 2054 2040 2045 2046
1502 2512 1842 2253 2379 1716 2045 2050 2049 2047 1499 2586 2968 1127 2445 1660 2054 2039 2045 2046
1503 2513 1842 2253 2378 1715 2045 2049 2048 2047 1506 2579 2962 1134 2442 1665 2054 2038 2046 2046
1503 2513 1842 2253 2379 1716 2045 2050 2048 2047 1512 2573 2955 1141 2438 1670 2053 2038 2046 2046
1502 2512 1842 2253 2378 1715 2045 2050 2049 2047 1518 2567 2948 1147 2434 1673 2054 2038 2045 2046
1502 2513 1842 2253 2379 1716 2046 2050 2049 2047 1526 2560 2937 1158 2429 1679 2054 2038 2045 2046
1502 2513 1842 2253 2379 1716 2045 2049 2048 2047 1532 2553 2928 1166 2425 1681 2054 2040 2045 2045
1503 2513 1842 2253 2379 1715 2045 2050 2048 2047 1538 2548 2926 1166 2425 1680 2054 2040 2045 2046
1502 2513 1843 2253 2379 1716 2045 2049 2048 2047 1544 2542 2918 1174 2422 1683 2054 2041 2046 2046
1502 2513 1842 2253 2379 1716 2045 2049 2048 2048 1551 2535 2907 1184 2417 1687 2055 2041 2045 2046
1503 2513 1842 2253 2379 1716 2046 2050 2048 2047 1557 2529 2894 1198 2414 1693 2056 2042 2046 2046
1503 2513 1842 2253 2379 1716 2046 2049 2048 2048 1563 2521 2884 1210 2410 1695 2054 2041 2045 2046
1502 2513 1843 2253 2379 1715 2045 2050 2048 2048 1569 2516 2876 1219 2411 1695 2054 2039 2046 2046
1503 2513 1842 2253 2379 1716 2045 2049 2048 2047 1575 2509 2865 1232 2410 1696 2053 2039 2046 2046
1502 2513 1843 2253 2379 1716 2045 2049 2048 2048 1581 2504 2850 1245 2406 1700 2054 2039 2045 2046
1502 2513 1842 2253 2378 1715 2045 2049 2048 2047 1586 2499 2838 1255 2405 1700 2054 2040 2046 2046
1502 2513 1843 2253 2379 1716 2045 2049 2048 2048 1591 2495 2828 1263 2403 1700 2054 2042 2045 2046
1502 2513 1842 2253 2379 1715 2046 2049 2048 2048 1598 2489 2817 1273 2399 1701 2054 2042 2045 2046
1502 2513 1842 2253 2379 1716 2046 2050 2048 2048 1604 2483 2807 1283 2396 1703 2054 2043 2045 2046
1502 2513 1843 2253 2379 1716 2045 2049 2048 2048 1610 2477 2800 1291 2395 1705 2054 2042 2046 2046
1502 2513 1842 2253 2379 1715 2045 2049 2048 2048 1616 2471 2795 1297 2394 1707 2053 2042 2045 2046
1503 2513 1842 2253 2379 1716 2046 2049 2048 2048 1622 2464 2788 1305 2392 1710 2053 2042 2046 2046
1502 2513 1842 2253 2379 1716 2046 2049 2048 2048 1628 2457 2780 1314 2387 1716 2054 2041 2045 2046
