1509 2510 1843 2253 2376 1716 2050 2050 2048 2054 1015 3078 3459 637 2677 1424 2051 2037 2049 2046
1509 2510 1842 2253 2376 1716 2050 2050 2048 2054 1015 3077 3460 637 2678 1424 2051 2037 2048 2046
1509 2510 1842 2253 2376 1716 2050 2050 2048 2055 1015 3078 3459 637 2677 1424 2051 2037 2049 2046
1509 2510 1842 2253 2376 1716 2050 2050 2048 2054 1015 3077 3459 637 2677 1424 2051 2037 2048 2046
1509 2510 1843 2253 2376 1716 2050 2050 2048 2054 1015 3078 3459 637 2678 1424 2051 2037 2049 2046
1508 2510 1843 2253 2376 1716 2050 2050 2048 2054 1015 3078 3459 637 2677 1424 2051 2037 2049 2046
1509 2510 1843 2253 2376 1716 2050 2050 2048 2054 1015 3077 3459 637 2677 1424 2051 2037 2048 2046
1509 2510 1842 2253 2376 1716 2050 2050 2048 2055 1015 3078 3459 637 2677 1424 2051 2037 2049 2046
1509 2510 1843 2253 2376 1716 2050 2050 2048 2054 1015 3078 3459 637 2677 1424 2051 2037 2049 2046
1509 2510 1843 2253 2376 1716 2050 2050 2048 2055 1016 3078 3459 637 2678 1424 2051 2037 2049 2046
1509 2510 1842 2253 2376 1716 2050 2050 2048 2054 1015 3078 3459 637 2677 1424 2051 2037 2048 2046
1509 2510 1842 2253 2376 1716 2050 2050 2048 2054 1015 3078 3460 637 2677 1424 2051 2037 2048 2046
1509 2510 1843 2253 2376 1716 2050 2050 2048 2054 1015 3078 3459 637 2677 1424 2051 2037 2049 2046
1509 2510 1842 2253 2376 1716 2050 2050 2048 2054 1015 3077 3459 636 2677 1424 2051 2037 2048 2046
1509 2510 1842 2253 2376 1716 2050 2050 2048 2055 1015 3078 3459 636 2677 1424 2051 2037 2049 2046
1509 2510 1843 2253 2376 1716 2050 2050 2048 2054 1015 3078 3459 637 2677 1424 2051 2037 2049 2046
1509 2510 1842 2253 2376 1716 2050 2050 2048 2054 1015 3078 3459 636 2677 1424 2051 2037 2048 2046
1509 2510 1843 2253 2376 1716 2050 2050 2048 2055 1015 3078 3459 637 2677 1424 2051 2037 2049 2046
1509 2510 1843 2253 2376 1716 2050 2050 2048 2055 1015 3077 3459 637 2677 1424 2051 2037 2048 2046
1509 2510 1843 2253 2376 1716 2050 2050 2048 2054 1015 3077 3459 637 2677 1424 2051 2037 2048 2046
1509 2510 1843 2253 2376 1716 2050 2050 2048 2054 1015 3078 3459 637 2677 1424 2051 2037 2048 2046
1509 2510 1843 2253 2376 1716 2050 2050 2048 2054 1016 3077 3459 637 2677 1424 2051 2037 2048 2046
1509 2510 1843 2253 2376 1716 2050 2050 2048 2055 1015 3078 3459 637 2677 1424 2051 2037 2048 2046
1509 2510 1843 2253 2376 1716 2050 2050 2048 2055 1015 3078 3459 637 2677 1424 2051 2037 2048 2046
1509 2510 1842 2253 2376 1716 2050 2050 2048 2055 1015 3078 3459 637 2677 1424 2051 2037 2048 2046
1509 2510 1843 2253 2376 1716 2050 2050 2048 2054 1015 3078 3459 637 2677 1424 2051 2037 2048 2046
1509 2510 1842 2253 2376 1716 2050 2051 2048 2054 1015 3077 3459 637 2677 1424 2051 2037 2048 2046
1509 2510 1843 2253 2376 1716 2050 2050 2048 2055 1015 3078 3459 637 2677 1424 2051 2037 2048 2046
1509 2510 1843 2253 2376 1716 2049 2050 2048 2055 1015 3078 3459 637 2677 1424 2051 2037 2049 2046
1509 2510 1842 2253 2376 1716 2050 2050 2048 2054 1015 3077 3459 637 2677 1424 2051 2037 2049 2046
1508 2510 1842 2253 2376 1716 2050 2050 2048 2055 1015 3077 3459 637 2677 1424 2051 2038 2048 2046
1509 2510 1843 2253 2376 1716 2050 2050 2048 2055 1015 3078 3459 637 2677 1424 2051 2037 2048 2046
1509 2510 1843 2253 2376 1716 2050 2050 2048 2054 1015 3078 3459 637 2677 1424 2051 2037 2048 2046
1509 2510 1843 2253 2376 1716 2050 2050 2048 2055 1015 3078 3459 637 2677 1424 2051 2037 2048 2046
1509 2510 1842 2253 2376 1716 2050 2050 2048 2054 1015 3078 3459 637 2677 1424 2051 2037 2049 2046
1508 2510 1842 2253 2376 1716 2050 2051 2048 2055 1015 3078 3459 637 2677 1424 2051 2037 2048 2046
1509 2510 1843 2253 2376 1716 2050 2050 2048 2054 1015 3078 3459 637 2677 1424 2051 2037 2049 2046
1509 2510 1842 2253 2376 1716 2050 2050 2048 2055 1015 3078 3459 637 2677 1424 2051 2037 2048 2046
1509 2510 1843 2253 2376 1716 2050 2050 2048 2054 1015 3078 3460 638 2677 1424 2051 2037 2049 2046
1509 2510 1843 2253 2376 1716 2050 2050 2048 2055 1015 3078 3459 637 2677 1424 2051 2037 2049 2046
1508 2510 1842 2253 2376 1716 2050 2051 2048 2055 1015 3078 3459 637 2677 1424 2051 2037 2048 2046
1509 2510 1843 2253 2376 1716 2050 2050 2048 2055 1015 3078 3459 637 2677 1424 2052 2037 2049 2046
1509 2510 1843 2253 2376 1716 2050 2050 2048 2055 1015 3078 3459 637 2678 1424 2051 2037 2048 2046
1509 2510 1842 2253 2376 1716 2050 2050 2048 2054 1015 3078 3459 637 2677 1424 2051 2037 2049 2046
1509 2510 1843 2253 2376 1716 2050 2050 2048 2055 1015 3078 3459 637 2677 1424 2051 2037 2048 2046
1509 2510 1843 2253 2376 1716 2050 2050 2048 2054 1015 3078 3459 637 2677 1424 2051 2037 2048 2046
1509 2510 1843 2253 2376 1716 2050 2051 2048 2054 1015 3078 3459 637 2677 1424 2051 2037 2049 2046
1509 2510 1842 2253 2376 1716 2050 2050 2048 2055 1015 3078 3459 637 2678 1424 2051 2037 2048 2046
1508 2510 1842 2253 2376 1716 2050 2050 2048 2054 1015 3078 3459 637 2677 1424 2051 2037 2049 2046
1509 2510 1842 2253 2376 1716 2050 2050 2048 2054 1015 3078 3459 637 2677 1424 2051 2037 2049 2046
1509 2510 1842 2253 2376 1716 2050 2050 2048 2054 1015 3078 3459 637 2677 1424 2051 2037 2048 2046
1509 2510 1843 2253 2376 1716 2050 2050 2048 2054 1015 3078 3459 637 2677 1424 2051 2037 2049 2046
1509 2510 1843 2253 2376 1716 2050 2050 2048 2054 1015 3078 3459 636 2677 1424 2051 2037 2049 2046
1509 2510 1843 2253 2376 1716 2050 2050 2048 2055 1015 3078 3459 636 2677 1424 2051 2037 2048 2046
1509 2510 1842 2253 2376 1716 2050 2050 2048 2054 1015 3078 3460 636 2677 1425 2051 2037 2048 2046
1509 2510 1843 2253 2376 1716 2050 2050 2048 2055 1016 3078 3459 636 2677 1424 2051 2037 2049 2046
1509 2510 1842 2253 2376 1716 2050 2050 2048 2055 1015 3078 3459 637 2678 1424 2051 2037 2048 2046
1509 2510 1843 2253 2376 1716 2050 2050 2048 2055 1015 3078 3459 637 2677 1424 2051 2037 2048 2046
1508 2510 1843 2253 2376 1716 2050 2050 2048 2055 1015 3078 3459 637 2677 1424 2051 2037 2048 2046
1509 2510 1842 2253 2376 1716 2050 2050 2048 2054 1015 3078 3459 637 2677 1424 2051 2037 2048 2046
1509 2510 1842 2253 2377 1716 2050 2050 2048 2054 1015 3078 3459 637 2677 1424 2051 2037 2048 2046
1509 2510 1842 2253 2376 1716 2050 2050 2048 2055 1015 3077 3459 636 2677 1424 2051 2037 2048 2046
1509 2510 1842 2253 2376 1716 2049 2050 2048 2055 1015 3077 3459 637 2677 1424 2051 2037 2049 2046
1509 2510 1842 2253 2376 1716 2050 2050 2048 2054 1015 3078 3459 637 2677 1424 2051 2037 2048 2046
1509 2510 1843 2253 2376 1716 2050 2050 2048 2054 1015 3078 3459 637 2677 1424 2051 2037 2049 2046
1508 2510 1843 2253 2376 1716 2050 2050 2048 2054 1015 3078 3459 637 2677 1424 2051 2037 2049 2046
1508 2510 1843 2253 2376 1716 2050 2050 2048 2055 1015 3078 3459 637 2677 1425 2051 2037 2048 2046
1509 2510 1842 2253 2376 1716 2050 2050 2048 2055 1015 3078 3460 636 2677 1424 2051 2037 2049 2046
1508 2510 1843 2253 2376 1716 2050 2050 2048 2055 1015 3078 3459 637 2677 1424 2051 2037 2048 2046
1509 2510 1842 2253 2376 1716 2050 2050 2048 2054 1015 3078 3460 637 2678 1424 2051 2037 2048 2046
1509 2510 1842 2253 2376 1716 2050 2050 2048 2055 1015 3078 3459 637 2677 1424 2051 2037 2049 2046
1509 2510 1842 2253 2376 1716 2049 2050 2048 2055 1015 3077 3459 637 2677 1424 2051 2037 2049 2046
1509 2510 1842 2253 2376 1716 2050 2050 2048 2054 1015 3078 3459 637 2677 1424 2051 2037 2049 2046
1509 2510 1842 2253 2376 1716 2050 2050 2048 2055 1015 3078 3459 637 2677 1424 2051 2037 2049 2046
1509 2510 1843 2253 2376 1716 2050 2050 2048 2054 1015 3078 3459 637 2677 1424 2051 2037 2048 2046
1509 2510 1842 2253 2376 1716 2050 2051 2048 2054 1015 3078 3459 637 2677 1424 2051 2037 2048 2046
1509 2510 1842 2253 2376 1716 2050 2051 2048 2055 1015 3078 3459 637 2677 1424 2051 2037 2049 2046
1509 2510 1842 2253 2376 1716 2050 2050 2048 2054 1015 3078 3459 637 2677 1424 2051 2037 2048 2046
1509 2510 1843 2253 2376 1716 2050 2050 2048 2055 1015 3078 3459 637 2677 1424 2051 2037 2048 2046
1509 2509 1843 2253 2376 1716 2050 2050 2048 2054 1015 3078 3459 637 2677 1424 2051 2037 2049 2046
1509 2510 1842 2253 2376 1716 2050 2050 2048 2054 1015 3077 3459 637 2677 1425 2051 2037 2049 2046
1508 2510 1843 2253 2376 1716 2050 2050 2048 2054 1016 3078 3459 637 2677 1424 2051 2037 2049 2046
1509 2510 1843 2253 2376 1716 2050 2050 2048 2054 1015 3077 3460 637 2677 1424 2051 2037 2049 2046
1509 2510 1842 2253 2376 1716 2050 2050 2048 2054 1015 3077 3459 637 2677 1424 2051 2037 2048 2046
1509 2510 1842 2253 2377 1716 2050 2050 2048 2054 1015 3077 3459 637 2677 1424 2051 2038 2048 2046
1509 2510 1842 2253 2376 1716 2050 2051 2048 2055 1015 3078 3459 637 2677 1424 2051 2037 2049 2046
1509 2510 1843 2253 2376 1716 2050 2050 2048 2055 1015 3078 3459 637 2677 1424 2051 2037 2048 2046
1509 2510 1842 2253 2376 1716 2050 2050 2048 2054 1015 3078 3459 637 2678 1424 2051 2037 2048 2046
1509 2510 1843 2253 2376 1716 2050 2050 2048 2054 1015 3078 3459 637 2677 1424 2051 2038 2049 2046
1509 2510 1842 2253 2376 1717 2050 2050 2048 2054 1015 3078 3459 637 2677 1424 2051 2037 2048 2046
1509 2510 1843 2253 2376 1716 2050 2050 2048 2054 1015 3078 3459 637 2677 1424 2051 2037 2049 2046
1509 2510 1843 2253 2376 1716 2050 2051 2048 2054 1015 3078 3459 637 2677 1424 2051 2037 2048 2046
1509 2510 1842 2253 2376 1716 2050 2050 2048 2054 1015 3077 3459 637 2678 1425 2051 2037 2048 2046
1509 2510 1842 2253 2376 1716 2050 2050 2048 2054 1015 3078 3459 637 2677 1424 2051 2037 2049 2046
1509 2510 1842 2253 2376 1716 2050 2050 2048 2055 1015 3078 3459 637 2677 1424 2051 2037 2048 2046
1509 2510 1842 2253 2376 1716 2050 2050 2048 2054 1015 3078 3460 637 2677 1424 2051 2037 2048 2046
1509 2510 1842 2253 2376 1716 2050 2050 2048 2055 1015 3078 3459 637 2677 1424 2051 2037 2048 2046
1509 2510 1843 2253 2377 1716 2050 2050 2048 2054 1015 3078 3459 636 2677 1424 2051 2037 2048 2046
1509 2510 1843 2253 2376 1716 2050 2050 2048 2054 1015 3078 3459 637 2677 1424 2051 2037 2048 2046
1509 2510 1842 2253 2376 1716 2050 2050 2048 2054 1015 3078 3459 637 2677 1424 2051 2037 2048 2046
1508 2510 1842 2253 2376 1716 2050 2051 2048 2054 1015 3078 3459 637 2677 1424 2051 2037 2048 2046
1509 2510 1842 2253 2376 1716 2050 2050 2048 2055 1015 3077 3459 637 2677 1424 2051 2037 2048 2046
1509 2510 1843 2253 2376 1716 2050 2050 2048 2055 1015 3078 3459 637 2677 1424 2051 2037 2048 2046
1509 2510 1842 2253 2376 1716 2050 2050 2048 2055 1015 3077 3459 637 2677 1424 2051 2037 2048 2046
1509 2510 1842 2253 2376 1716 2050 2050 2048 2054 1015 3078 3459 637 2677 1424 2051 2037 2049 2046
1509 2510 1843 2253 2376 1716 2050 2050 2048 2055 1015 3078 3459 637 2677 1424 2051 2037 2048 2046
1509 2510 1843 2253 2376 1716 2050 2050 2048 2055 1015 3077 3460 637 2677 1424 2051 2037 2049 2046
1509 2510 1843 2253 2376 1716 2050 2050 2048 2055 1015 3078 3459 637 2677 1424 2051 2037 2049 2046
1509 2510 1842 2253 2376 1716 2050 2050 2048 2054 1015 3077 3459 637 2677 1424 2051 2037 2048 2046
1509 2510 1842 2253 2377 1716 2050 2050 2048 2055 1015 3078 3460 637 2677 1424 2051 2037 2048 2046
1509 2510 1843 2253 2376 1716 2050 2050 2048 2054 1015 3078 3459 637 2677 1424 2051 2038 2049 2046
1509 2510 1842 2253 2376 1716 2050 2050 2048 2055 1015 3078 3459 636 2677 1424 2051 2037 2048 2046
1509 2510 1843 2253 2376 1716 2050 2050 2048 2054 1015 3078 3459 637 2678 1424 2051 2037 2048 2046
1509 2510 1843 2253 2376 1716 2050 2051 2048 2055 1015 3078 3459 636 2677 1424 2051 2037 2048 2046
1509 2510 1843 2253 2376 1716 2050 2050 2048 2054 1015 3078 3459 637 2677 1424 2051 2037 2048 2046
1509 2510 1842 2253 2376 1716 2050 2050 2048 2054 1016 3078 3460 637 2677 1424 2051 2037 2049 2046
1509 2510 1842 2253 2376 1716 2050 2051 2048 2055 1015 3078 3459 637 2677 1424 2051 2037 2048 2046
1509 2510 1843 2253 2376 1716 2050 2051 2048 2054 1015 3077 3459 636 2677 1424 2051 2037 2048 2046
1509 2510 1843 2253 2376 1716 2050 2050 2048 2054 1015 3078 3459 637 2677 1424 2051 2037 2048 2046
1508 2509 1843 2253 2376 1716 2050 2051 2048 2055 1016 3078 3459 637 2677 1424 2051 2037 2048 2046
1509 2510 1842 2253 2376 1716 2050 2051 2048 2054 1015 3078 3459 637 2677 1424 2051 2038 2048 2046
1509 2510 1843 2253 2376 1716 2050 2050 2048 2054 1015 3077 3459 637 2677 1424 2051 2037 2048 2046
1509 2510 1842 2253 2376 1716 2050 2050 2048 2055 1015 3078 3459 637 2677 1424 2051 2037 2048 2046
1509 2510 1842 2253 2376 1716 2050 2050 2048 2054 1015 3078 3459 637 2677 1424 2051 2037 2049 2046
1508 2510 1842 2253 2376 1716 2050 2050 2048 2054 1015 3078 3459 637 2677 1424 2051 2037 2048 2046
1508 2510 1842 2253 2376 1716 2050 2050 2048 2054 1016 3078 3459 637 2677 1424 2051 2037 2048 2046
1509 2510 1843 2253 2376 1716 2050 2050 2048 2055 1015 3078 3460 637 2677 1424 2051 2037 2049 2046
1509 2510 1843 2253 2376 1716 2050 2050 2048 2055 1015 3078 3459 637 2677 1424 2051 2037 2049 2046
1509 2510 1843 2253 2376 1716 2050 2050 2048 2054 1015 3078 3459 637 2677 1424 2051 2037 2048 2046
1509 2510 1842 2253 2376 1716 2050 2050 2048 2055 1015 3077 3459 637 2677 1424 2051 2037 2049 2046
1508 2510 1842 2253 2376 1716 2050 2050 2048 2054 1015 3077 3459 637 2677 1424 2051 2037 2049 2046
1509 2510 1843 2253 2376 1716 2050 2050 2048 2054 1015 3078 3459 637 2677 1424 2051 2037 2049 2046
1509 2510 1842 2253 2376 1716 2050 2050 2048 2055 1015 3078 3459 637 2677 1424 2051 2037 2049 2046
1509 2510 1842 2253 2376 1716 2050 2050 2048 2055 1015 3078 3459 637 2677 1424 2051 2037 2048 2046
1509 2510 1842 2253 2376 1716 2050 2050 2048 2054 1015 3078 3459 637 2677 1424 2051 2037 2049 2046
1509 2509 1843 2253 2376 1716 2050 2051 2048 2055 1015 3078 3460 637 2677 1424 2051 2037 2049 2046
1509 2510 1843 2253 2376 1716 2050 2050 2048 2054 1015 3078 3459 637 2677 1424 2051 2037 2048 2046
1509 2510 1842 2253 2376 1716 2050 2051 2048 2054 1015 3078 3459 637 2677 1424 2051 2037 2048 2046
1509 2510 1842 2253 2376 1716 2050 2050 2048 2054 1015 3078 3460 637 2677 1424 2051 2037 2048 2046
1509 2510 1842 2253 2376 1716 2050 2050 2048 2054 1015 3078 3459 637 2677 1424 2051 2037 2049 2046
1509 2510 1843 2253 2376 1716 2050 2050 2048 2054 1015 3078 3460 637 2677 1424 2051 2037 2049 2046
1509 2510 1843 2253 2376 1716 2050 2050 2048 2055 1015 3077 3459 637 2677 1425 2051 2037 2049 2046
1508 2510 1843 2253 2376 1716 2050 2050 2048 2054 1015 3078 3459 637 2677 1424 2051 2037 2049 2046
1509 2509 1842 2253 2376 1716 2050 2050 2048 2055 1015 3078 3459 637 2677 1424 2051 2037 2048 2046
1509 2510 1843 2253 2376 1716 2050 2050 2048 2055 1015 3078 3459 637 2677 1424 2051 2037 2048 2046
1509 2510 1842 2253 2376 1716 2050 2050 2048 2054 1015 3078 3459 637 2677 1424 2051 2037 2049 2046
1509 2510 1842 2253 2376 1716 2050 2050 2048 2055 1015 3078 3459 637 2677 1424 2051 2037 2048 2046
1509 2510 1842 2253 2376 1716 2050 2050 2048 2055 1015 3078 3459 637 2677 1424 2051 2037 2048 2046
1509 2510 1843 2253 2377 1716 2050 2051 2048 2054 1015 3078 3459 636 2677 1425 2051 2037 2049 2046
1509 2509 1843 2253 2376 1716 2050 2050 2048 2055 1015 3077 3459 637 2677 1424 2051 2037 2049 2046
